0 0.267708 0.586574 0.0276042 0.555556 0.255675 0.308003 0.279839 0.306274 0.279288 0.863385 0.255062 0.865557
0 0.210286 0.608102 0.0372396 0.518056 0.191289 0.35327 0.223377 0.348357 0.228131 0.859699 0.197856 0.864546
0 0.293099 0.584954 0.0226563 0.555093 0.285896 0.309727 0.302456 0.306906 0.300138 0.862902 0.28375 0.863474
0 0.53724 0.588194 0.0333333 0.588426 0.525012 0.295114 0.552755 0.292419 0.548109 0.884008 0.520996 0.885944
0 0.241406 0.587731 0.0260417 0.555093 0.227804 0.314049 0.25055 0.311837 0.252829 0.863333 0.23051 0.865649
0 0.591016 0.597917 0.0294271 0.58287 0.579567 0.313455 0.603219 0.310654 0.599388 0.889598 0.575914 0.89088
0 0.614974 0.60162 0.0283854 0.5875 0.604603 0.311718 0.626061 0.308953 0.621846 0.89407 0.600299 0.896286
0 0.314844 0.585417 0.0229167 0.556019 0.303142 0.308812 0.323378 0.306349 0.323029 0.863911 0.303056 0.86541
0 0.488672 0.591667 0.0216146 0.580556 0.481273 0.303621 0.497429 0.300586 0.492543 0.882272 0.476198 0.883534
0 0.820443 0.567593 0.0341146 0.640741 0.814942 0.246759 0.837367 0.24795 0.823875 0.887588 0.802444 0.886729
0 0.393229 0.577778 0.0255208 0.578704 0.385844 0.291242 0.403742 0.28752 0.398717 0.868539 0.381568 0.869363
0 0.566146 0.588426 0.0270833 0.594444 0.55569 0.297863 0.576864 0.296555 0.573295 0.883694 0.552518 0.884227
0 0.468229 0.593981 0.0270833 0.576852 0.461806 0.306778 0.479941 0.304907 0.47278 0.881686 0.455339 0.882002
0 0.78138 0.576157 0.0304688 0.633796 0.779754 0.253131 0.795218 0.25482 0.782536 0.89469 0.766748 0.895193
0 0.967448 0.555787 0.0416667 0.665278 0.962863 0.222877 0.984793 0.222238 0.970863 0.902039 0.94947 0.90017
0 0.334505 0.584954 0.0205729 0.55787 0.326922 0.307508 0.342864 0.3065 0.340947 0.865661 0.325552 0.865527
0 0.942318 0.555556 0.0414063 0.664815 0.939494 0.219702 0.96056 0.222082 0.944121 0.896454 0.923881 0.897053
0 0.73763 0.578935 0.0330729 0.64213 0.73322 0.2552 0.753716 0.254807 0.738938 0.898182 0.718917 0.90005
0 0.758464 0.577315 0.0325521 0.642593 0.755365 0.252894 0.773637 0.255991 0.758632 0.901448 0.74038 0.900638
0 0.898047 0.555324 0.0377604 0.664352 0.889651 0.221694 0.913703 0.220735 0.902829 0.894398 0.879309 0.893748
0 0.91901 0.555556 0.0385417 0.663889 0.915432 0.223369 0.935238 0.22609 0.920308 0.897326 0.900603 0.896898
0 0.509896 0.588194 0.0255208 0.590278 0.501549 0.297546 0.522389 0.29613 0.517835 0.886383 0.497028 0.885968
0 0.636849 0.60162 0.0289063 0.594907 0.627684 0.306332 0.648842 0.304661 0.643771 0.898431 0.622519 0.899607
0 0.840365 0.553472 0.0348958 0.660648 0.838634 0.218781 0.856393 0.219685 0.842137 0.885258 0.824413 0.88614
0 0.354688 0.578472 0.0229167 0.570833 0.348305 0.298745 0.364832 0.29621 0.35925 0.865357 0.343406 0.865474
0 0.801823 0.572685 0.0307292 0.632407 0.798613 0.251304 0.814653 0.250393 0.802168 0.886437 0.786358 0.887686
0 0.372396 0.578009 0.021875 0.573611 0.367044 0.29521 0.382527 0.293371 0.376297 0.868086 0.361317 0.868026
