0 0.668359 0.717824 0.0361979 0.461574 0.651581 0.496361 0.680134 0.493138 0.683594 0.947668 0.656375 0.949806
0 0.547266 0.688889 0.0408854 0.534259 0.529326 0.42328 0.564671 0.419583 0.562978 0.958375 0.529041 0.95984
0 0.856901 0.702315 0.0268229 0.471296 0.845976 0.461273 0.867844 0.45979 0.865353 0.934223 0.845674 0.935016
0 0.632292 0.701157 0.0463542 0.502315 0.609986 0.45019 0.653752 0.44755 0.654047 0.954449 0.611893 0.957844
0 0.160547 0.691898 0.0450521 0.572685 0.139356 0.414243 0.179871 0.407461 0.182672 0.97812 0.143408 0.98227
0 0.395052 0.735417 0.046875 0.466204 0.371124 0.499788 0.414503 0.497171 0.417431 0.967558 0.375646 0.970258
0 0.890495 0.701852 0.0408854 0.466667 0.870661 0.482445 0.909043 0.481113 0.909946 0.934765 0.8734 0.937814
0 0.435938 0.712731 0.0411458 0.503241 0.41541 0.465254 0.451017 0.462294 0.45335 0.968344 0.419755 0.970259
0 0.696484 0.712963 0.0278646 0.464815 0.681217 0.491645 0.702572 0.486884 0.709916 0.948054 0.689592 0.950393
0 0.511328 0.703704 0.0351562 0.505556 0.494467 0.460069 0.526998 0.456915 0.52762 0.950591 0.496551 0.953865
0 0.47513 0.710185 0.0377604 0.498148 0.456546 0.467267 0.492708 0.465482 0.493599 0.957278 0.458969 0.960266
0 0.278385 0.733796 0.0213542 0.482407 0.266876 0.501182 0.284792 0.499413 0.288773 0.974881 0.271224 0.976125
0 0.352604 0.738194 0.0348958 0.464352 0.336086 0.510515 0.366832 0.507832 0.368306 0.96803 0.338725 0.971891
0 0.777344 0.662963 0.03125 0.562963 0.759864 0.381601 0.786804 0.376515 0.792505 0.940926 0.767462 0.944721
0 0.115495 0.741667 0.0471354 0.480556 0.0972755 0.514246 0.133409 0.511591 0.131556 0.977787 0.0961557 0.980629
0 0.297786 0.731944 0.0221354 0.482407 0.285544 0.497942 0.305211 0.49487 0.309253 0.973959 0.29056 0.974223
0 0.260807 0.735185 0.0184896 0.482407 0.252061 0.503332 0.264626 0.501729 0.269663 0.977089 0.256791 0.977598
0 0.585026 0.723611 0.0372396 0.463889 0.570329 0.495554 0.60321 0.494251 0.599919 0.955822 0.568512 0.955254
0 0.24401 0.735648 0.021875 0.481481 0.233067 0.503934 0.249135 0.502948 0.254416 0.97615 0.238586 0.977356
0 0.803255 0.646296 0.0231771 0.596296 0.792111 0.349514 0.810726 0.347024 0.812959 0.938577 0.794259 0.941196
0 0.828255 0.646065 0.0304688 0.588426 0.813169 0.376594 0.840437 0.375174 0.841607 0.938104 0.815211 0.939805
0 0.209375 0.734259 0.01875 0.486111 0.200876 0.498635 0.214561 0.499072 0.215715 0.975837 0.202249 0.975733
0 0.32474 0.749768 0.0265625 0.448611 0.311196 0.535065 0.334803 0.530464 0.336856 0.970704 0.314345 0.971807
0 0.753646 0.676157 0.0260417 0.53287 0.741511 0.424768 0.758831 0.419571 0.766173 0.942099 0.749 0.944148
0 0.191667 0.730787 0.0223958 0.494907 0.182516 0.485613 0.19889 0.485411 0.199042 0.973993 0.183303 0.974082
0 0.960677 0.690972 0.0484375 0.489352 0.94144 0.449935 0.980821 0.445901 0.978021 0.935861 0.940609 0.938014
0 0.724479 0.708102 0.028125 0.466204 0.707249 0.479338 0.730072 0.475611 0.740135 0.945482 0.717769 0.9474
0 0.0455729 0.693981 0.0296875 0.558333 0.0284794 0.417472 0.0532165 0.414501 0.0605383 0.975445 0.0364381 0.977215
