0 0.205078 0.623843 0.0252604 0.658796 0.192666 0.299337 0.211534 0.294857 0.217855 0.956057 0.199037 0.958329
0 0.135547 0.621759 0.0257813 0.649074 0.120643 0.296059 0.138958 0.294055 0.149484 0.946392 0.131266 0.947341
0 0.0670573 0.600231 0.0257813 0.663426 0.0531523 0.271722 0.0701879 0.266328 0.0807395 0.939239 0.0638708 0.941463
0 0.245833 0.629861 0.0208333 0.648611 0.236195 0.306381 0.252057 0.30348 0.255603 0.962274 0.240051 0.964381
0 0.0894531 0.601157 0.0299479 0.663426 0.0726726 0.275519 0.0953742 0.269837 0.105037 0.938199 0.0833028 0.940447
0 0.185156 0.625231 0.01875 0.653241 0.175315 0.30128 0.190241 0.298019 0.195185 0.953458 0.18075 0.955446
0 0.271615 0.640509 0.0333333 0.656944 0.255449 0.309484 0.282265 0.306793 0.285237 0.96902 0.259123 0.970206
0 0.38737 0.646296 0.0278646 0.661111 0.374661 0.322096 0.399095 0.319934 0.398659 0.981258 0.375506 0.982658
0 0.356771 0.644676 0.0302083 0.6625 0.343682 0.315463 0.369538 0.313349 0.368593 0.980545 0.342513 0.980211
0 0.326563 0.643056 0.0270833 0.662037 0.313392 0.314162 0.337587 0.312063 0.337918 0.974305 0.314268 0.975641
0 0.170443 0.623611 0.0174479 0.653704 0.161105 0.301297 0.174585 0.29872 0.179209 0.952228 0.165813 0.953257
0 0.470964 0.658796 0.0195313 0.65 0.463985 0.322215 0.478522 0.318882 0.477277 0.987423 0.462904 0.988522
0 0.0460938 0.599074 0.028125 0.663889 0.0299165 0.243371 0.0472424 0.241389 0.0605925 0.940489 0.0436961 0.941039
0 0.113542 0.616435 0.0239583 0.653241 0.0992995 0.270152 0.11594 0.267953 0.126741 0.943532 0.109432 0.945494
0 0.226172 0.62662 0.0200521 0.654167 0.214913 0.303094 0.231689 0.300398 0.237058 0.959446 0.219415 0.961726
0 0.416536 0.648611 0.0242188 0.657407 0.407665 0.326386 0.427258 0.324407 0.423128 0.987015 0.403716 0.987696
0 0.301432 0.64213 0.0221354 0.659259 0.290949 0.316668 0.309402 0.313459 0.310241 0.971636 0.291622 0.97223
0 0.574089 0.659954 0.0205729 0.652315 0.565138 0.327123 0.582269 0.324341 0.582931 0.99202 0.565962 0.991704
0 0.154036 0.622454 0.0169271 0.650463 0.145114 0.300831 0.157178 0.297785 0.163019 0.949768 0.150492 0.951976
0 0.610156 0.661574 0.0182292 0.652778 0.602161 0.334407 0.617013 0.33248 0.61807 0.997759 0.603552 0.997823
0 0.440234 0.659491 0.0200521 0.651389 0.434075 0.323024 0.448601 0.322301 0.443835 0.988786 0.428673 0.988826
0 0.671615 0.665278 0.021875 0.651852 0.664789 0.341891 0.679874 0.33986 0.678691 1 0.66385 1
0 0.638151 0.662269 0.0190104 0.656018 0.628823 0.330979 0.642625 0.329932 0.64523 0.996321 0.630783 0.998295
0 0.730469 0.679861 0.0203125 0.626389 0.721751 0.372772 0.73784 0.368525 0.739194 0.995541 0.723693 0.996342
0 0.540234 0.658796 0.0184896 0.65 0.534392 0.324239 0.547865 0.322853 0.545071 0.989951 0.531273 0.990625
0 0.50651 0.658102 0.01875 0.648611 0.499653 0.322693 0.514145 0.32005 0.513458 0.989202 0.498873 0.989652
0 0.555729 0.658565 0.0161458 0.649537 0.548892 0.32784 0.562196 0.325164 0.560719 0.988985 0.547733 0.98988
0 0.522656 0.647917 0.0171875 0.65787 0.515193 0.321838 0.52941 0.319247 0.526953 0.988939 0.512832 0.99002
0 0.022526 0.577778 0.0304688 0.665741 0.00547045 0.222367 0.0262198 0.219442 0.0395982 0.944297 0.019444 0.948083
0 0.48763 0.659259 0.0195313 0.650926 0.478302 0.322794 0.493614 0.32097 0.49382 0.985042 0.478033 0.986754
