0 0.483464 0.640278 0.0200521 0.657407 0.473039 0.304437 0.491268 0.301062 0.493367 0.972464 0.475819 0.974451
0 0.186458 0.621759 0.0276042 0.665741 0.172579 0.254298 0.196396 0.252287 0.198691 0.96623 0.175209 0.968751
0 0.158073 0.6 0.0286458 0.666667 0.144048 0.244933 0.168924 0.243167 0.171151 0.96501 0.146779 0.96599
0 0.504297 0.640046 0.0221354 0.656944 0.494487 0.307517 0.511922 0.304064 0.512732 0.97201 0.495274 0.972304
0 0.266927 0.621991 0.0333333 0.666204 0.249523 0.255447 0.282237 0.250557 0.28388 0.972885 0.25266 0.975654
0 0.459375 0.641204 0.0260417 0.659259 0.447361 0.303798 0.470452 0.302123 0.472733 0.971354 0.449553 0.972772
0 0.571745 0.638426 0.0210938 0.653704 0.5603 0.305617 0.580783 0.301402 0.584316 0.969104 0.564616 0.970454
0 0.317578 0.641204 0.0231771 0.660185 0.309161 0.29255 0.327503 0.289655 0.323656 0.97548 0.306016 0.974767
0 0.429688 0.642593 0.0328125 0.662037 0.414856 0.294343 0.442658 0.291661 0.442065 0.977816 0.415363 0.977686
0 0.527604 0.640046 0.0229167 0.656944 0.515537 0.306572 0.534438 0.302576 0.537827 0.971911 0.518507 0.972994
0 0.404557 0.641667 0.0263021 0.661111 0.395693 0.295163 0.415382 0.292801 0.411853 0.974592 0.392775 0.974305
0 0.0963542 0.599769 0.021875 0.666204 0.0861776 0.225448 0.10584 0.222807 0.105526 0.962134 0.0864608 0.963748
0 0.134375 0.599769 0.0192708 0.666204 0.125351 0.234131 0.143089 0.233261 0.140713 0.962457 0.124168 0.963793
0 0.236328 0.621991 0.0252604 0.666204 0.223352 0.261473 0.246938 0.258865 0.248516 0.968652 0.225273 0.970508
0 0.54974 0.638889 0.0229167 0.655556 0.536688 0.303784 0.557137 0.300621 0.562023 0.967631 0.54116 0.969396
0 0.296354 0.621991 0.0208333 0.665278 0.285625 0.265034 0.305254 0.263992 0.305425 0.971562 0.286422 0.972614
0 0.338542 0.64213 0.0244792 0.662037 0.327001 0.29901 0.347313 0.29548 0.347088 0.972135 0.326747 0.973342
0 0.360417 0.623843 0.0265625 0.6625 0.350069 0.291705 0.370742 0.29105 0.369887 0.978715 0.349832 0.980296
0 0.2125 0.621991 0.0234375 0.666204 0.20117 0.258126 0.220962 0.255406 0.223114 0.969062 0.203015 0.970556
0 0.382422 0.641667 0.0247396 0.660185 0.374215 0.291407 0.393831 0.289197 0.388711 0.974697 0.369834 0.975722
0 0.117057 0.599769 0.0200521 0.666204 0.108821 0.229565 0.126652 0.226933 0.124411 0.96318 0.107049 0.963056
0 0.0523438 0.6 0.0234375 0.666667 0.0393633 0.231333 0.0586843 0.2278 0.0631635 0.958335 0.0435089 0.959833
0 0.0289063 0.599769 0.0276042 0.666204 0.0128679 0.229621 0.0358289 0.226808 0.0419329 0.95646 0.0201778 0.958565
0 0.0747396 0.6 0.0229167 0.666667 0.0621501 0.225885 0.0835397 0.22304 0.0858148 0.959385 0.0641476 0.961033
