0 0.367448 0.656944 0.0260417 0.644444 0.356109 0.336737 0.376728 0.333271 0.376706 0.977074 0.35686 0.978426
0 0.292057 0.65162 0.0289063 0.635648 0.2752 0.341194 0.303451 0.337752 0.305273 0.964245 0.2788 0.967034
0 0.10026 0.613426 0.0276042 0.64537 0.0856388 0.296651 0.105381 0.293186 0.114492 0.935958 0.0944594 0.9384
0 0.392839 0.657176 0.0294271 0.645833 0.379234 0.333443 0.404875 0.331066 0.4046 0.979518 0.379463 0.981218
0 0.0783854 0.613426 0.0270833 0.648148 0.062466 0.2818 0.0811877 0.279438 0.0919215 0.935866 0.0728428 0.937848
0 0.478255 0.659722 0.0247396 0.641667 0.466935 0.34413 0.487717 0.340826 0.486285 0.979074 0.466098 0.980614
0 0.267839 0.650926 0.0221354 0.630556 0.256705 0.340356 0.274627 0.335561 0.277382 0.964719 0.260137 0.96703
0 0.246484 0.64838 0.0216146 0.626389 0.236052 0.341281 0.253493 0.338266 0.256438 0.964457 0.239245 0.964676
0 0.146484 0.62037 0.0205729 0.630556 0.135216 0.30935 0.150775 0.30505 0.157654 0.935981 0.142451 0.938508
0 0.226953 0.645833 0.0190104 0.624074 0.217376 0.340591 0.233439 0.336666 0.235554 0.960458 0.219278 0.96099
0 0.416276 0.65787 0.0236979 0.642593 0.409082 0.338845 0.425448 0.3364 0.420393 0.981818 0.403712 0.982487
0 0.504427 0.657176 0.0348958 0.645833 0.489797 0.335218 0.520014 0.331834 0.518338 0.980503 0.488263 0.982615
0 0.184115 0.628009 0.0276042 0.635648 0.169451 0.315955 0.189412 0.312506 0.197833 0.944428 0.178116 0.946281
0 0.207943 0.633796 0.0216146 0.638889 0.196484 0.317025 0.214764 0.313018 0.218626 0.955216 0.200701 0.956858
0 0.0529948 0.577778 0.0325521 0.665741 0.0330627 0.228936 0.0586111 0.226321 0.0723509 0.940972 0.0475732 0.944735
0 0.125 0.616898 0.0260417 0.635648 0.110741 0.300772 0.129857 0.298457 0.137148 0.938317 0.118105 0.940029
0 0.768229 0.686111 0.0244792 0.573148 0.760148 0.404 0.778428 0.400308 0.775959 0.970119 0.75834 0.971701
0 0.16276 0.622222 0.01875 0.635185 0.152064 0.30906 0.165268 0.305666 0.173012 0.939928 0.159026 0.942127
0 0.43776 0.657407 0.0270833 0.644444 0.428153 0.333824 0.449619 0.333827 0.443668 0.985398 0.422797 0.984698
0 0.627604 0.663426 0.0213542 0.626852 0.616495 0.351683 0.633198 0.348678 0.637061 0.979465 0.620338 0.982037
0 0.319792 0.650463 0.0302083 0.643519 0.306151 0.332676 0.329915 0.330412 0.332687 0.972334 0.308721 0.972872
0 0.346615 0.655556 0.021875 0.640741 0.335687 0.335437 0.353625 0.333026 0.355713 0.975114 0.338204 0.976977
0 0.743099 0.6875 0.0273438 0.572222 0.736786 0.404867 0.756753 0.40371 0.749296 0.973112 0.729843 0.974058
0 0.544141 0.645833 0.0440104 0.661111 0.526814 0.318174 0.562686 0.314251 0.55824 0.978436 0.523105 0.98041
0 0.651302 0.671991 0.0213542 0.606018 0.641027 0.374079 0.659786 0.372142 0.660061 0.976907 0.641544 0.978019
0 0.458073 0.656944 0.0182292 0.643519 0.451209 0.332482 0.465538 0.33038 0.462819 0.983853 0.448492 0.984769
