0 0.19401 0.715972 0.0447917 0.479167 0.173236 0.487073 0.210336 0.481637 0.215007 0.954005 0.179831 0.957759
0 0.855339 0.707176 0.0419271 0.473611 0.841995 0.48159 0.872744 0.479687 0.866968 0.944241 0.836977 0.944904
0 0.789453 0.67037 0.0341146 0.562963 0.774584 0.401948 0.807889 0.396586 0.805512 0.956788 0.773435 0.96167
0 0.733984 0.733102 0.0330729 0.443981 0.720333 0.498239 0.749296 0.499419 0.745319 0.956029 0.718631 0.954509
0 0.301302 0.708102 0.0354167 0.496759 0.281039 0.454932 0.310831 0.453293 0.318924 0.957193 0.29079 0.959461
0 0.440885 0.723148 0.0276042 0.47037 0.429022 0.494212 0.450777 0.49396 0.451024 0.958137 0.430073 0.959842
0 0.6625 0.68588 0.0338542 0.543056 0.649177 0.407429 0.677577 0.400864 0.674771 0.950483 0.647639 0.955019
0 0.0567708 0.721065 0.0322917 0.455093 0.0383498 0.499909 0.0625198 0.495732 0.0727296 0.954845 0.0493228 0.956784
0 0.633594 0.670139 0.0291667 0.579167 0.620111 0.400431 0.646591 0.395588 0.644844 0.962218 0.6187 0.965252
0 0.33099 0.721991 0.0265625 0.471759 0.322093 0.498112 0.340888 0.496094 0.339578 0.95668 0.321733 0.957875
0 0.499089 0.718518 0.0164063 0.487037 0.490356 0.48658 0.503277 0.483529 0.506453 0.963393 0.493951 0.964455
0 0.275391 0.693519 0.0263021 0.524074 0.260313 0.438117 0.281049 0.435402 0.289895 0.956546 0.269456 0.960026
0 0.823307 0.697685 0.0367188 0.502778 0.810268 0.447144 0.839756 0.44901 0.831176 0.949883 0.80332 0.949753
0 0.604167 0.715509 0.0296875 0.489352 0.590562 0.475723 0.617657 0.472196 0.616719 0.961272 0.590956 0.962172
0 0.158724 0.70787 0.0346354 0.494444 0.138298 0.466508 0.165873 0.463184 0.176814 0.958611 0.149655 0.96187
0 0.482943 0.723148 0.0200521 0.475 0.473743 0.494235 0.490228 0.492426 0.491522 0.961862 0.475466 0.962683
0 0.955339 0.69537 0.0523438 0.489815 0.943054 0.45944 0.982754 0.458082 0.966813 0.941215 0.927988 0.940214
0 0.109505 0.684259 0.0242188 0.541667 0.0973338 0.418563 0.112469 0.414875 0.122113 0.954208 0.108554 0.956441
0 0.0924479 0.684259 0.0265625 0.540741 0.0770019 0.423287 0.0941419 0.418772 0.105159 0.956321 0.0896427 0.958773
0 0.513802 0.717824 0.0161458 0.494907 0.505605 0.4788 0.51855 0.477403 0.520057 0.967563 0.50772 0.967906
0 0.920443 0.694444 0.0335938 0.494444 0.913471 0.447631 0.937601 0.452398 0.923161 0.946572 0.899692 0.944309
0 0.463672 0.727315 0.0205729 0.465741 0.455392 0.502219 0.471696 0.500353 0.47142 0.960208 0.454739 0.961962
0 0.228385 0.715972 0.0291667 0.469907 0.214933 0.496514 0.236539 0.492759 0.241394 0.95325 0.220948 0.953163
0 0.76276 0.729861 0.0213542 0.443981 0.752663 0.481859 0.771395 0.471937 0.771486 0.946063 0.753645 0.950217
