0 0.201823 0.621759 0.028125 0.664815 0.186494 0.288429 0.210348 0.285037 0.215782 0.957296 0.192416 0.959511
0 0.514844 0.673611 0.0302083 0.605556 0.498431 0.374079 0.526198 0.370254 0.52868 0.976881 0.50219 0.978576
0 0.285938 0.640278 0.034375 0.652778 0.272313 0.319657 0.297867 0.315654 0.299213 0.967654 0.273756 0.968632
0 0.227344 0.622222 0.0255208 0.663889 0.214233 0.292666 0.234806 0.289368 0.239451 0.961763 0.218642 0.963696
0 0.253125 0.637268 0.03125 0.649537 0.23617 0.304588 0.263398 0.301766 0.267525 0.968409 0.241309 0.968649
0 0.0950521 0.6 0.0229167 0.665741 0.0849507 0.255589 0.104487 0.252745 0.104818 0.955165 0.0863394 0.957653
0 0.117188 0.599769 0.0234375 0.666204 0.10827 0.253449 0.128423 0.250338 0.125085 0.958904 0.105536 0.958786
0 0.309896 0.640046 0.0229167 0.652315 0.299769 0.317983 0.31787 0.314546 0.320315 0.972045 0.302098 0.972239
0 0.54401 0.673611 0.0270833 0.609259 0.534205 0.367596 0.556415 0.36617 0.552978 0.982755 0.531115 0.982811
0 0.155599 0.599769 0.0236979 0.666204 0.145488 0.252981 0.165129 0.249207 0.165349 0.957503 0.146233 0.958561
0 0.423828 0.641667 0.0164063 0.659259 0.415973 0.312203 0.429476 0.307912 0.433273 0.974674 0.419794 0.975957
0 0.328516 0.640509 0.0190104 0.652315 0.320101 0.317653 0.335151 0.314158 0.336725 0.970336 0.321261 0.97194
0 0.380469 0.641667 0.0177083 0.655556 0.372448 0.318869 0.38638 0.315684 0.388329 0.975106 0.374205 0.976395
0 0.177214 0.621528 0.0195313 0.664352 0.166867 0.273813 0.182151 0.270324 0.185978 0.955547 0.170462 0.957126
0 0.453125 0.641435 0.0166667 0.658796 0.444901 0.304684 0.459356 0.30132 0.46204 0.974009 0.447442 0.975535
0 0.470703 0.642593 0.0169271 0.656481 0.461516 0.321849 0.476039 0.321917 0.477129 0.975492 0.463481 0.9759
0 0.396224 0.641435 0.0169271 0.656944 0.388592 0.317338 0.401731 0.314597 0.403043 0.97488 0.389873 0.975574
0 0.488932 0.671759 0.0184896 0.607407 0.480606 0.374436 0.495163 0.370279 0.497142 0.9732 0.482287 0.973833
0 0.134766 0.6 0.0190104 0.665741 0.125857 0.25302 0.143941 0.25229 0.141502 0.958152 0.124777 0.959133
0 0.345313 0.641204 0.0166667 0.65463 0.336662 0.31871 0.350276 0.314676 0.351988 0.971451 0.338762 0.972175
0 0.3625 0.64213 0.0197917 0.657407 0.352236 0.317496 0.368228 0.315677 0.370586 0.972502 0.354176 0.973677
0 0.410547 0.640972 0.0153646 0.656944 0.403972 0.313497 0.416419 0.310686 0.417737 0.975352 0.405276 0.975829
0 0.0729167 0.620833 0.0229167 0.663889 0.0621805 0.253307 0.0812316 0.252066 0.0814628 0.955063 0.0633905 0.955295
0 0.0536458 0.599769 0.0223958 0.666204 0.0449275 0.24565 0.0610056 0.24262 0.0600766 0.954499 0.044204 0.955072
