0 0.659115 0.705787 0.0208333 0.476389 0.648796 0.474005 0.667859 0.472446 0.667762 0.945779 0.650105 0.945969
0 0.481901 0.701157 0.0257813 0.499537 0.471905 0.460988 0.493081 0.459197 0.489766 0.947371 0.47017 0.947729
0 0.170052 0.680093 0.0255208 0.551852 0.158035 0.412445 0.179889 0.40976 0.179554 0.959778 0.158954 0.960032
0 0.596094 0.706713 0.0208333 0.481019 0.587463 0.473957 0.604803 0.473859 0.602541 0.944187 0.586494 0.944461
0 0.38099 0.686806 0.0192708 0.526389 0.371539 0.428758 0.387628 0.425627 0.389301 0.954814 0.374241 0.955319
0 0.617318 0.706019 0.0205729 0.47963 0.609739 0.475181 0.625745 0.472472 0.623561 0.942999 0.60857 0.94332
0 0.534766 0.705324 0.0200521 0.481944 0.526411 0.472287 0.54394 0.471023 0.54177 0.946811 0.525559 0.947067
0 0.321094 0.676389 0.0291667 0.550926 0.308737 0.398731 0.332204 0.397618 0.330542 0.953753 0.307571 0.953985
0 0.555469 0.708333 0.0255208 0.481481 0.546666 0.477492 0.567043 0.476231 0.56075 0.946802 0.542101 0.947214
0 0.145833 0.680556 0.0239583 0.55463 0.135662 0.405552 0.1555 0.403947 0.154783 0.959804 0.135726 0.960569
0 0.19362 0.679167 0.0231771 0.551852 0.184217 0.408499 0.202279 0.40492 0.201491 0.955847 0.184574 0.957341
0 0.216797 0.678472 0.0268229 0.555093 0.202513 0.404564 0.225909 0.401664 0.22822 0.954166 0.205618 0.956511
0 0.270052 0.677546 0.0296875 0.551389 0.256742 0.405693 0.282099 0.404457 0.282121 0.954821 0.257419 0.956052
0 0.509375 0.702315 0.0296875 0.492593 0.494617 0.457059 0.522505 0.45489 0.521989 0.952251 0.495529 0.95355
0 0.454167 0.699537 0.0291667 0.500926 0.439802 0.453764 0.466936 0.451703 0.465986 0.951815 0.43986 0.955112
0 0.296484 0.675926 0.0283854 0.551852 0.285477 0.396608 0.308042 0.395788 0.305973 0.953606 0.284331 0.95457
0 0.359115 0.687731 0.025 0.527315 0.347978 0.430661 0.368139 0.427857 0.36963 0.956838 0.350408 0.957187
0 0.577083 0.706481 0.0177083 0.47963 0.571685 0.474391 0.586814 0.472629 0.581404 0.946199 0.566733 0.946328
0 0.425391 0.697917 0.0273438 0.506944 0.412209 0.44391 0.436773 0.4434 0.43838 0.952265 0.415067 0.953923
0 0.121875 0.681019 0.0265625 0.552778 0.110632 0.404676 0.132054 0.403435 0.132098 0.960651 0.111603 0.961655
0 0.241927 0.67963 0.0276042 0.55 0.230665 0.409153 0.250972 0.406961 0.252167 0.953861 0.231644 0.955786
0 0.0979167 0.680787 0.0276042 0.549537 0.0855521 0.406819 0.107714 0.405223 0.109585 0.957993 0.0884562 0.959271
0 0.0738281 0.681481 0.0289063 0.541667 0.0601326 0.414423 0.082395 0.412075 0.0865815 0.956616 0.0650395 0.958149
0 0.0503906 0.682176 0.0320313 0.539352 0.0354634 0.419656 0.0570264 0.416108 0.0643043 0.952827 0.0435177 0.95486
0 0.638802 0.706019 0.0197917 0.478704 0.629023 0.470242 0.647833 0.469883 0.64763 0.947365 0.628905 0.94735
0 0.340234 0.684259 0.0143229 0.533333 0.334543 0.422211 0.347832 0.41909 0.347099 0.953011 0.334449 0.953007
0 0.401432 0.689583 0.0210938 0.524537 0.390216 0.435098 0.40885 0.433016 0.410461 0.953883 0.392268 0.955091
