0 0.126953 0.620139 0.0330729 0.6625 0.108224 0.275674 0.141327 0.272518 0.144063 0.947687 0.112869 0.951036
0 0.478646 0.636806 0.0359375 0.647685 0.460052 0.319507 0.494604 0.316378 0.494544 0.958649 0.461401 0.961253
0 0.232682 0.632176 0.0273438 0.64213 0.220166 0.314482 0.240974 0.313061 0.242393 0.953499 0.222177 0.955645
0 0.329036 0.63912 0.0226563 0.6375 0.323542 0.325897 0.338675 0.32535 0.332177 0.961868 0.316808 0.961417
0 0.508854 0.63588 0.0197917 0.644907 0.498868 0.318205 0.51772 0.314808 0.517718 0.960296 0.499083 0.961415
0 0.545964 0.634722 0.0174479 0.640741 0.536842 0.317808 0.551761 0.314023 0.553362 0.957571 0.538759 0.957922
0 0.527344 0.634491 0.0203125 0.643981 0.51787 0.316823 0.534236 0.314604 0.534519 0.957318 0.517533 0.958427
0 0.253776 0.633565 0.0236979 0.640278 0.246176 0.312186 0.263053 0.30866 0.257578 0.956849 0.240393 0.957004
0 0.295182 0.634028 0.0257813 0.644907 0.287697 0.308273 0.306285 0.305563 0.301899 0.961594 0.283692 0.962054
0 0.182292 0.630556 0.0244792 0.639815 0.174292 0.314873 0.193642 0.312319 0.190558 0.952326 0.172537 0.95239
0 0.272656 0.630787 0.0291667 0.645833 0.264375 0.307935 0.284833 0.307966 0.27865 0.959117 0.259296 0.958284
0 0.21276 0.633565 0.0171875 0.639352 0.20494 0.319692 0.216807 0.316928 0.218098 0.953095 0.205047 0.95377
0 0.444141 0.6375 0.0278646 0.64537 0.434141 0.319075 0.456763 0.31563 0.451174 0.963886 0.428817 0.964142
