0 0.802604 0.655556 0.0203125 0.639815 0.79154 0.3389 0.81032 0.335529 0.811138 0.974425 0.792762 0.975531
0 0.741797 0.655787 0.0247396 0.643981 0.728685 0.327465 0.749033 0.322797 0.751891 0.977752 0.732096 0.979595
0 0.520443 0.64375 0.0289063 0.664352 0.509402 0.307134 0.534249 0.305186 0.530853 0.97992 0.506339 0.98057
0 0.680859 0.656713 0.0221354 0.645833 0.671887 0.323261 0.689098 0.319237 0.688386 0.982506 0.671422 0.984277
0 0.590885 0.657639 0.0276042 0.647685 0.578686 0.324032 0.601399 0.322307 0.59848 0.979468 0.576946 0.981286
0 0.546875 0.643981 0.0260417 0.663889 0.538455 0.306341 0.558329 0.304828 0.555372 0.983096 0.535639 0.983998
0 0.659245 0.657176 0.0226563 0.646759 0.649828 0.321582 0.668841 0.320371 0.666561 0.985959 0.647586 0.986142
0 0.823568 0.65625 0.0184896 0.6375 0.812954 0.345415 0.830596 0.343401 0.832134 0.980317 0.814797 0.980166
0 0.155599 0.621991 0.0210938 0.665278 0.146947 0.260293 0.162952 0.256376 0.161917 0.959835 0.146692 0.96174
0 0.720833 0.656018 0.0192708 0.644444 0.71054 0.327215 0.726257 0.323979 0.72928 0.980326 0.713755 0.982059
0 0.440885 0.621991 0.0265625 0.666204 0.427427 0.266124 0.450127 0.263143 0.450326 0.972083 0.428432 0.97438
0 0.615625 0.657639 0.028125 0.647685 0.606211 0.32655 0.627574 0.324509 0.62275 0.982199 0.60121 0.983175
0 0.0678385 0.621065 0.0236979 0.663426 0.0589338 0.265239 0.0761834 0.262665 0.074595 0.956449 0.0576854 0.957444
0 0.638672 0.657407 0.0247396 0.647222 0.629242 0.324173 0.648905 0.321764 0.645698 0.981266 0.625555 0.982616
0 0.908203 0.685185 0.0190104 0.575 0.898691 0.402736 0.913573 0.398956 0.916721 0.970652 0.902752 0.972433
0 0.0842448 0.621296 0.0226563 0.664815 0.0754996 0.264234 0.0935573 0.262543 0.0919576 0.959921 0.0747654 0.960283
0 0.466016 0.621991 0.0278646 0.666204 0.453034 0.266369 0.477473 0.262921 0.476137 0.973508 0.451871 0.97587
0 0.700651 0.656713 0.0205729 0.645833 0.689548 0.324934 0.707571 0.32266 0.708797 0.97918 0.690484 0.981404
0 0.567578 0.64537 0.0231771 0.662037 0.559664 0.314825 0.577197 0.311624 0.572001 0.982946 0.554767 0.984037
0 0.103516 0.621296 0.0221354 0.664815 0.0939418 0.261994 0.11118 0.25898 0.111718 0.956483 0.0947296 0.95793
0 0.122786 0.600463 0.0205729 0.665741 0.113406 0.263875 0.131224 0.261308 0.130404 0.962108 0.11389 0.963344
0 0.782031 0.650231 0.0166667 0.645833 0.774057 0.329672 0.787844 0.325698 0.788633 0.977054 0.774951 0.978803
0 0.763542 0.655324 0.0203125 0.643056 0.75249 0.325804 0.770114 0.32404 0.772323 0.977504 0.753713 0.979533
0 0.236328 0.621991 0.0320313 0.666204 0.221771 0.244916 0.246703 0.243588 0.248494 0.964971 0.22456 0.967528
0 0.299089 0.621991 0.0278646 0.666204 0.288712 0.26074 0.310952 0.260699 0.306744 0.974945 0.285426 0.974465
0 0.491536 0.622222 0.0257813 0.665741 0.4794 0.269755 0.501882 0.269348 0.499888 0.976343 0.477462 0.977922
0 0.888802 0.683333 0.0197917 0.575926 0.879416 0.397744 0.895364 0.395845 0.8974 0.970889 0.881233 0.972879
0 0.195313 0.622222 0.0239583 0.665741 0.185118 0.221838 0.202728 0.218019 0.205609 0.963177 0.1888 0.965651
0 0.138932 0.621759 0.0195313 0.664815 0.131718 0.258677 0.145369 0.257023 0.143634 0.959067 0.129636 0.960628
0 0.320443 0.622222 0.0210938 0.665741 0.312615 0.26784 0.328234 0.264124 0.327017 0.973789 0.311574 0.975927
