0 0.642839 0.640741 0.0252604 0.658333 0.634846 0.302729 0.654493 0.299779 0.648702 0.971601 0.629696 0.972063
0 0.480078 0.622454 0.0236979 0.664352 0.470941 0.286509 0.488538 0.284196 0.487624 0.963005 0.470566 0.963594
0 0.191146 0.6 0.0307292 0.666667 0.173127 0.22516 0.200802 0.221789 0.207894 0.953523 0.181327 0.95645
0 0.857031 0.660417 0.0229167 0.575463 0.848085 0.375036 0.866587 0.372606 0.862855 0.947549 0.845479 0.948451
0 0.814323 0.652315 0.0213542 0.6 0.803852 0.358051 0.821573 0.354477 0.821255 0.950824 0.803688 0.953425
0 0.279036 0.6 0.0283854 0.666667 0.262347 0.250778 0.291011 0.247249 0.293466 0.960951 0.266321 0.962859
0 0.521484 0.628241 0.0200521 0.652778 0.51354 0.304584 0.530173 0.302332 0.528236 0.966466 0.512208 0.967961
0 0.120182 0.599769 0.0205729 0.666204 0.108764 0.224069 0.125421 0.219826 0.129689 0.953666 0.114023 0.955909
0 0.620964 0.640278 0.0231771 0.657407 0.614003 0.304839 0.632584 0.304002 0.624737 0.976054 0.606854 0.975386
0 0.732943 0.637268 0.0205729 0.651389 0.726634 0.307957 0.7428 0.305443 0.738778 0.970036 0.722671 0.969507
0 0.141667 0.6 0.0260417 0.666667 0.126197 0.218305 0.148012 0.213618 0.155103 0.951033 0.133922 0.953501
0 0.165885 0.6 0.0270833 0.666667 0.14973 0.217274 0.171893 0.21367 0.180145 0.953644 0.158116 0.95637
0 0.540755 0.6375 0.0210938 0.651852 0.534253 0.300949 0.549937 0.299845 0.545005 0.970435 0.52905 0.969829
0 0.603516 0.640278 0.0205729 0.657407 0.597187 0.305437 0.612685 0.303081 0.607847 0.97328 0.592248 0.973651
0 0.878255 0.66412 0.0195313 0.569907 0.873081 0.394803 0.888216 0.394355 0.883324 0.948939 0.868805 0.948747
0 0.219141 0.6 0.0304688 0.666667 0.201613 0.223949 0.228635 0.221208 0.235167 0.961194 0.208186 0.962795
0 0.501953 0.636574 0.0205729 0.650926 0.491458 0.304788 0.509845 0.302961 0.50994 0.967216 0.491146 0.967904
0 0.572005 0.638426 0.0179688 0.653704 0.565931 0.304722 0.579206 0.301581 0.576573 0.971359 0.563263 0.971576
0 0.795703 0.644676 0.0184896 0.618056 0.788118 0.330488 0.802487 0.328237 0.80147 0.957502 0.787237 0.958372
0 0.904818 0.703935 0.0278646 0.49213 0.892878 0.458615 0.918537 0.457013 0.916402 0.951126 0.891417 0.951133
0 0.663932 0.640046 0.0210938 0.656944 0.655233 0.302808 0.671834 0.30201 0.669968 0.968912 0.6528 0.970199
0 0.682162 0.638657 0.0190104 0.654167 0.674477 0.305938 0.689583 0.302366 0.688534 0.970962 0.67384 0.97141
0 0.429167 0.599769 0.01875 0.666204 0.42132 0.238891 0.435556 0.236483 0.436184 0.965498 0.421852 0.967463
0 0.557422 0.637037 0.0179688 0.650926 0.552374 0.303891 0.566337 0.303508 0.561546 0.972472 0.547702 0.971648
0 0.700521 0.63912 0.021875 0.655093 0.691577 0.303259 0.708284 0.302919 0.705396 0.967404 0.688333 0.96844
0 0.083724 0.599769 0.0190104 0.666204 0.0743144 0.218563 0.0890941 0.214382 0.0919869 0.953504 0.0779766 0.95542
0 0.101693 0.599769 0.0210938 0.666204 0.0898944 0.223222 0.107053 0.221015 0.111594 0.951713 0.0940354 0.953914
0 0.445703 0.599769 0.0174479 0.666204 0.438209 0.237167 0.453607 0.235137 0.452689 0.967282 0.437838 0.967563
0 0.836198 0.652546 0.0234375 0.594907 0.826038 0.356503 0.847073 0.355967 0.844843 0.953243 0.825088 0.954504
0 0.397656 0.6 0.0161458 0.666667 0.390184 0.242503 0.403958 0.239151 0.404593 0.96164 0.391107 0.963059
0 0.764974 0.634722 0.0174479 0.64537 0.759286 0.309298 0.771472 0.308117 0.769343 0.961821 0.7565 0.961568
