0 0.420833 0.619907 0.0223958 0.662037 0.409313 0.277474 0.429333 0.274411 0.432644 0.955045 0.413072 0.957191
0 0.338802 0.61875 0.0265625 0.658796 0.323653 0.282664 0.34766 0.27912 0.350416 0.945344 0.327475 0.947148
0 0.367188 0.618519 0.0291667 0.659259 0.351474 0.27851 0.380114 0.275473 0.381339 0.948935 0.353195 0.951189
0 0.396484 0.619676 0.0247396 0.661574 0.384281 0.274719 0.406402 0.272718 0.409307 0.950158 0.387193 0.95187
0 0.259245 0.599769 0.0346354 0.666204 0.24246 0.240885 0.272856 0.240159 0.271835 0.95011 0.243061 0.950947
0 0.48737 0.637963 0.0247396 0.652778 0.473713 0.306107 0.49578 0.30357 0.498422 0.961797 0.476612 0.963367
0 0.159766 0.6 0.0179688 0.665741 0.149119 0.224762 0.167192 0.222387 0.167897 0.948559 0.150966 0.950173
0 0.29388 0.6 0.0351562 0.666667 0.27918 0.236022 0.30793 0.234071 0.308416 0.950594 0.280112 0.950664
0 0.509896 0.638194 0.0182292 0.651389 0.499784 0.319736 0.516416 0.317346 0.51839 0.96839 0.502202 0.969147
0 0.140365 0.599769 0.0223958 0.666204 0.129131 0.227487 0.149496 0.224858 0.15112 0.944131 0.130696 0.945664
0 0.198958 0.599769 0.0223958 0.666204 0.186563 0.223933 0.206569 0.222404 0.208209 0.950845 0.188792 0.951673
0 0.0691406 0.599769 0.0205729 0.665278 0.0587091 0.216527 0.0766107 0.211622 0.0767681 0.939102 0.0600484 0.941236
0 0.117318 0.599769 0.0231771 0.666204 0.108455 0.228453 0.126695 0.225942 0.12478 0.945152 0.107071 0.945305
0 0.178255 0.599769 0.0184896 0.666204 0.170419 0.224801 0.18571 0.219737 0.184918 0.949341 0.169881 0.949526
0 0.467708 0.636343 0.0192708 0.649537 0.462336 0.304291 0.476156 0.300718 0.472956 0.966485 0.459135 0.965767
