0 0.596745 0.705556 0.0210938 0.333333 0.37476 0.30788 0.382721 0.3066 0.381605 0.539521 0.37342 0.541267
0 0.638411 0.694444 0.0221354 0.333333 0.423374 0.30763 0.430727 0.30636 0.429345 0.536148 0.422189 0.537318
0 0.617318 0.694444 0.0210938 0.333333 0.405247 0.306593 0.412421 0.307039 0.41165 0.536767 0.404007 0.538608
0 0.55612 0.694444 0.0257813 0.333333 0.331738 0.306205 0.33968 0.305513 0.339254 0.533683 0.330595 0.535099
0 0.577214 0.694444 0.0164063 0.333333 0.350605 0.305709 0.358067 0.305449 0.357412 0.537031 0.349385 0.538442
0 0.659896 0.705556 0.0239583 0.333333 0.440273 0.309958 0.448571 0.307986 0.447575 0.541599 0.439186 0.543317
0 0.510156 0.694444 0.0322917 0.333333 0.30069 0.304943 0.30962 0.3021 0.308573 0.532008 0.300042 0.533993
0 0.400651 0.705556 0.0226563 0.333333 0.218062 0.297802 0.225362 0.295135 0.225141 0.540716 0.218134 0.542012
0 0.535547 0.694444 0.0205729 0.333333 0.31974 0.30495 0.326711 0.305658 0.325917 0.535689 0.318366 0.537529
0 0.480208 0.716667 0.0234375 0.333333 0.282576 0.313892 0.289941 0.312279 0.289442 0.543569 0.282073 0.544957
0 0.379818 0.694444 0.0205729 0.333333 0.200827 0.288247 0.207865 0.287945 0.207942 0.537444 0.20069 0.539729
0 0.359766 0.694444 0.0231771 0.333333 0.188807 0.280912 0.196796 0.27761 0.197533 0.534134 0.189436 0.535241
0 0.0300781 0.672222 0.0226563 0.333333 0 0.321619 0 0.317685 0 0.551969 0 0.551928
