0 0.46862 0.577546 0.0315104 0.661574 0.250189 0.111485 0.261979 0.10655 0.261989 0.414988 0.250773 0.417102
0 0.188672 0.554398 0.0403646 0.663426 0.0962933 0.0971364 0.108289 0.08983 0.111111 0.407993 0.0990311 0.409563
0 0.118229 0.534491 0.0296875 0.663426 0.0593997 0.0899777 0.0693556 0.085955 0.0710943 0.404797 0.0622332 0.403619
0 0.0717448 0.535185 0.0309896 0.662963 0.0312594 0.0830922 0.041053 0.0798264 0.0425731 0.404772 0.0351578 0.401872
0 0.0963542 0.534954 0.0338542 0.663426 0.0463294 0.0867 0.0563544 0.0821345 0.0578623 0.403582 0.0496305 0.401015
0 0.371094 0.574074 0.0255208 0.657407 0.198726 0.108634 0.208252 0.104691 0.208802 0.413416 0.199394 0.416135
0 0.438542 0.577083 0.0307292 0.65787 0.236483 0.111897 0.245931 0.109098 0.245719 0.416479 0.236294 0.41881
0 0.242448 0.554398 0.0229167 0.663426 0.130108 0.101078 0.137541 0.0982705 0.13891 0.409311 0.130943 0.411746
0 0.391797 0.575463 0.0315104 0.659259 0.211715 0.112157 0.220619 0.109765 0.221171 0.415513 0.212221 0.418913
0 0.219922 0.554398 0.0278646 0.663426 0.114471 0.0954964 0.124275 0.0896101 0.125818 0.407423 0.116539 0.408172
0 0.329427 0.572222 0.0244792 0.653704 0.176097 0.109143 0.183891 0.106712 0.184643 0.412562 0.176722 0.416026
0 0.307422 0.571759 0.0278646 0.653704 0.163761 0.107581 0.172802 0.10355 0.174122 0.41228 0.164748 0.414774
0 0.546094 0.605556 0.0265625 0.601852 0.296998 0.136894 0.306266 0.135256 0.305139 0.415247 0.295248 0.41645
0 0.414063 0.576157 0.0239583 0.65787 0.222754 0.112608 0.231916 0.110828 0.231431 0.414374 0.222889 0.417737
0 0.498698 0.578472 0.0302083 0.658796 0.270027 0.113343 0.279876 0.111649 0.278833 0.41389 0.269193 0.416273
0 0.285677 0.555324 0.0260417 0.663426 0.152832 0.105229 0.162231 0.101132 0.163675 0.411283 0.154039 0.413714
0 0.264323 0.555093 0.0270833 0.663889 0.14028 0.104531 0.149707 0.0998533 0.15111 0.410292 0.141771 0.4135
0 0.523698 0.58588 0.0197917 0.641204 0.281742 0.12237 0.291346 0.121256 0.290408 0.415197 0.280593 0.416946
0 0.572005 0.604167 0.0190104 0.603704 0.310261 0.139136 0.318008 0.139472 0.316395 0.41844 0.307882 0.419709
0 0.0497396 0.534259 0.0286458 0.664815 0.0193796 0.083709 0.0283205 0.0799469 0.0306431 0.405869 0.0231227 0.403794
0 0.148177 0.536111 0.0395833 0.660185 0.0764609 0.093409 0.0871479 0.0873258 0.0885457 0.406006 0.0791526 0.405205
0 0.350391 0.573148 0.0257813 0.655556 0.18699 0.109386 0.196117 0.10708 0.196527 0.41375 0.187687 0.416723
0 0.0298177 0.533565 0.0247396 0.666204 0.00960898 0.0658319 0.0175152 0.0650816 0.0199864 0.403194 0.0139687 0.399763
0 0.605469 0.633102 0.0182292 0.543056 0.330585 0.165168 0.338466 0.166165 0.337186 0.422205 0.328511 0.422245
0 0.588281 0.602546 0.0161458 0.603241 0.321893 0.150401 0.329941 0.151044 0.328648 0.421557 0.319747 0.42145
