0 0.629167 0.723148 0.0234375 0.438889 0.336432 0.229575 0.345515 0.228733 0.344728 0.429703 0.335964 0.431545
0 0.607031 0.723843 0.0208333 0.4375 0.32594 0.232303 0.33454 0.231911 0.334273 0.43234 0.325566 0.433602
0 0.0817708 0.668056 0.0239583 0.549074 0.0373168 0.178812 0.0457978 0.177313 0.0480873 0.427363 0.0396857 0.4291
0 0.464974 0.709491 0.0273438 0.488426 0.244707 0.216797 0.254766 0.214875 0.255591 0.435387 0.24524 0.435911
0 0.334115 0.683102 0.0348958 0.527315 0.17462 0.205008 0.185706 0.201544 0.186606 0.434266 0.176114 0.433902
0 0.505078 0.709722 0.0236979 0.484259 0.268631 0.218679 0.277417 0.218218 0.277894 0.435444 0.268456 0.435831
0 0.566016 0.72662 0.0231771 0.4375 0.300201 0.228987 0.309516 0.22809 0.309481 0.430179 0.300002 0.430937
0 0.204297 0.67662 0.0205729 0.543981 0.107816 0.191236 0.116776 0.189932 0.118032 0.435689 0.109159 0.437799
0 0.485938 0.709028 0.028125 0.485648 0.256387 0.214802 0.266021 0.213142 0.266407 0.433136 0.256602 0.43316
0 0.54375 0.712963 0.0229167 0.468518 0.291569 0.222663 0.300267 0.222481 0.300497 0.431581 0.291136 0.431682
0 0.403646 0.711806 0.0333333 0.4875 0.212835 0.226145 0.223132 0.226015 0.224262 0.443638 0.214 0.443394
0 0.586328 0.727315 0.0205729 0.434259 0.310438 0.229454 0.319269 0.228604 0.318828 0.43053 0.310271 0.431339
0 0.101953 0.672685 0.0252604 0.538889 0.0487704 0.183014 0.0575159 0.181596 0.0591475 0.431812 0.0507218 0.434614
0 0.186719 0.67963 0.0171875 0.537963 0.0971813 0.18295 0.106252 0.181881 0.107042 0.427227 0.099005 0.428739
0 0.126953 0.673611 0.0325521 0.544444 0.0642771 0.183796 0.0748023 0.180776 0.0766571 0.431329 0.0665474 0.433605
0 0.223698 0.67662 0.0203125 0.546759 0.115849 0.184921 0.125456 0.181982 0.126218 0.432915 0.117924 0.433003
0 0.64974 0.724306 0.0213542 0.4375 0.349857 0.231241 0.358618 0.230217 0.357833 0.430271 0.349718 0.431177
0 0.426563 0.711343 0.0302083 0.488426 0.223438 0.216661 0.234335 0.21346 0.235066 0.437618 0.224242 0.437866
0 0.154557 0.676389 0.0226563 0.542593 0.0776467 0.182187 0.0869954 0.180318 0.0883303 0.429877 0.0799911 0.431264
0 0.670573 0.726389 0.0223958 0.438889 0.360241 0.232206 0.369305 0.231304 0.368641 0.430076 0.359894 0.431759
0 0.52526 0.710185 0.0229167 0.480556 0.278418 0.216098 0.287451 0.215111 0.287375 0.433354 0.278334 0.432677
0 0.043099 0.662037 0.0236979 0.551852 0.0154525 0.176668 0.0227483 0.176435 0.0253997 0.429147 0.0182783 0.428924
0 0.288411 0.682639 0.0242188 0.525463 0.153061 0.19204 0.162413 0.189904 0.163603 0.434644 0.15463 0.436165
0 0.0614583 0.66412 0.0260417 0.550463 0.0277861 0.177225 0.0365334 0.175761 0.0385466 0.430686 0.0304151 0.433777
0 0.242578 0.677083 0.0216146 0.54213 0.130214 0.186741 0.138782 0.184944 0.13987 0.434284 0.131471 0.435493
0 0.446875 0.711806 0.0239583 0.486574 0.237478 0.219663 0.247158 0.219882 0.247753 0.441703 0.238327 0.440764
0 0.384766 0.712037 0.0268229 0.482407 0.202153 0.223589 0.212257 0.224113 0.212659 0.444484 0.203615 0.443959
0 0.270964 0.684259 0.0216146 0.527778 0.142047 0.190496 0.151254 0.187603 0.152154 0.431991 0.14379 0.43318
0 0.307161 0.681481 0.0252604 0.531481 0.162271 0.191785 0.171647 0.188765 0.172713 0.434665 0.163842 0.435996
0 0.365625 0.709954 0.0270833 0.481944 0.193796 0.218891 0.20299 0.216953 0.203154 0.436346 0.194566 0.436223
