0 0.26849 0.622222 0.0244792 0.664815 0.139197 0.126097 0.147109 0.122552 0.148322 0.438366 0.140095 0.440695
0 0.317839 0.624074 0.0330729 0.661111 0.164519 0.138009 0.176545 0.131106 0.178222 0.43947 0.166617 0.441465
0 0.347135 0.624306 0.0296875 0.659722 0.182614 0.138677 0.193012 0.134484 0.19376 0.43757 0.183771 0.439367
0 0.290885 0.624537 0.0255208 0.659259 0.152734 0.134152 0.162067 0.130188 0.163531 0.441505 0.154197 0.444669
0 0.430859 0.62963 0.0283854 0.65 0.226228 0.143078 0.236382 0.14045 0.237042 0.442506 0.226693 0.445023
0 0.405469 0.628009 0.0291667 0.652315 0.213322 0.144167 0.22281 0.142577 0.223676 0.439181 0.213825 0.44177
0 0.567578 0.640972 0.0205729 0.638426 0.303928 0.147465 0.311451 0.148464 0.309623 0.442062 0.30143 0.444208
0 0.461589 0.632639 0.0361979 0.643056 0.242697 0.147024 0.253503 0.143778 0.253104 0.440431 0.242415 0.442325
0 0.528255 0.64213 0.0195313 0.636111 0.281955 0.146857 0.289302 0.147938 0.287983 0.444535 0.28019 0.446714
0 0.177995 0.6 0.0299479 0.665741 0.0848505 0.108911 0.0947414 0.10295 0.0968457 0.439181 0.0873159 0.440992
0 0.510156 0.638657 0.0182292 0.64213 0.270365 0.146144 0.278202 0.146846 0.277611 0.446386 0.268969 0.447883
0 0.24362 0.621759 0.0304688 0.665741 0.124745 0.120385 0.134513 0.114339 0.136217 0.442646 0.126512 0.444529
0 0.610417 0.64213 0.0234375 0.637037 0.327364 0.14847 0.336569 0.148808 0.335275 0.442125 0.325159 0.443334
0 0.588281 0.642593 0.025 0.636111 0.314456 0.147856 0.324156 0.147974 0.322347 0.441573 0.312683 0.443723
0 0.548698 0.642593 0.0213542 0.636111 0.294576 0.147617 0.303615 0.147362 0.302313 0.44413 0.293101 0.445222
0 0.150781 0.6 0.0286458 0.665741 0.0709437 0.10941 0.0800757 0.104031 0.082291 0.440758 0.0732271 0.442018
0 0.379818 0.626852 0.0440104 0.65463 0.199679 0.141917 0.211871 0.135793 0.212874 0.436311 0.20115 0.438568
0 0.222656 0.621991 0.0197917 0.665278 0.112982 0.116283 0.121346 0.112483 0.123065 0.442409 0.114508 0.443524
0 0.719141 0.664583 0.0263021 0.591204 0.381902 0.167022 0.391237 0.165882 0.390134 0.434687 0.379958 0.434411
0 0.203125 0.6 0.025 0.665741 0.100624 0.110927 0.109859 0.10608 0.111668 0.440806 0.102675 0.442575
0 0.635417 0.643981 0.0213542 0.62963 0.339377 0.155109 0.348132 0.15593 0.346434 0.44024 0.336927 0.441035
