0 0.342708 0.616667 0.0213542 0.653704 0.18637 0.131829 0.193559 0.130417 0.194273 0.43235 0.186563 0.435075
0 0.295052 0.616898 0.0244792 0.654167 0.159424 0.128944 0.167696 0.125974 0.169003 0.435443 0.160334 0.437371
0 0.320182 0.616435 0.0289063 0.654167 0.171521 0.129825 0.18137 0.124432 0.182654 0.43427 0.172837 0.435926
0 0.560156 0.626852 0.0229167 0.650926 0.306473 0.138211 0.315605 0.137633 0.314372 0.437744 0.304531 0.439789
0 0.478776 0.619444 0.0179688 0.655556 0.259328 0.135008 0.265936 0.135774 0.264786 0.436624 0.257423 0.439368
0 0.273438 0.602315 0.0223958 0.660185 0.146235 0.130226 0.155741 0.12509 0.157373 0.436322 0.147868 0.437678
0 0.252474 0.601389 0.0236979 0.662037 0.133115 0.128365 0.142156 0.123618 0.143916 0.436901 0.134727 0.439809
0 0.896094 0.681481 0.0276042 0.550926 0.485004 0.190122 0.496429 0.187533 0.49252 0.443545 0.484661 0.442927
0 0.516667 0.624074 0.0177083 0.652778 0.281806 0.136206 0.288943 0.136759 0.287518 0.43538 0.279692 0.437849
0 0.797656 0.653935 0.0177083 0.605093 0.427674 0.160154 0.435771 0.160751 0.433761 0.442436 0.425361 0.440636
0 0.53763 0.627083 0.0263021 0.649537 0.293791 0.138335 0.303131 0.137769 0.301623 0.436092 0.292311 0.438686
0 0.367708 0.619907 0.0307292 0.651852 0.196289 0.137327 0.206948 0.133043 0.20834 0.433257 0.197519 0.435448
0 0.873568 0.681481 0.0195313 0.553704 0.468964 0.190254 0.479413 0.187791 0.476874 0.444434 0.468558 0.44456
0 0.233073 0.6 0.0197917 0.663889 0.12361 0.118234 0.13108 0.114797 0.132801 0.43386 0.124991 0.435322
0 0.442188 0.619444 0.0171875 0.652778 0.242627 0.138126 0.249319 0.138221 0.248948 0.437458 0.241666 0.439332
0 0.411198 0.622917 0.0161458 0.643981 0.22197 0.139133 0.229613 0.138563 0.229939 0.438251 0.221809 0.439584
0 0.0839844 0.578009 0.0236979 0.666204 0.0355481 0.101922 0.0443866 0.0988403 0.0462155 0.432858 0.0391376 0.430735
0 0.626432 0.625 0.0184896 0.647222 0.342366 0.135886 0.349556 0.137289 0.348632 0.436094 0.339913 0.437489
0 0.608724 0.621991 0.0210938 0.656944 0.334172 0.137597 0.341997 0.138092 0.340507 0.438056 0.331571 0.439245
0 0.49987 0.621065 0.0195313 0.656944 0.272447 0.135547 0.281161 0.134193 0.280201 0.437227 0.271463 0.438073
0 0.426172 0.619213 0.0169271 0.651389 0.231831 0.138225 0.239203 0.138111 0.23986 0.438782 0.231636 0.440921
0 0.846484 0.674769 0.0283854 0.571759 0.45364 0.18684 0.464001 0.185178 0.460926 0.444292 0.452542 0.443246
0 0.460938 0.619907 0.01875 0.655556 0.249887 0.137308 0.258513 0.136292 0.258167 0.438142 0.249377 0.439479
0 0.392708 0.624074 0.021875 0.641667 0.213194 0.13951 0.220552 0.139149 0.220834 0.435991 0.213349 0.437586
0 0.752604 0.628935 0.0171875 0.646759 0.40686 0.143956 0.413243 0.146025 0.411585 0.437157 0.403426 0.435814
0 0.641797 0.625231 0.0164063 0.646759 0.354157 0.136066 0.360652 0.137633 0.3587 0.435113 0.350988 0.435883
0 0.0648438 0.578009 0.0260417 0.666204 0.0269353 0.101096 0.0357777 0.0976451 0.0379153 0.435053 0.0307734 0.433676
0 0.196615 0.599769 0.0234375 0.665278 0.10146 0.111559 0.110213 0.10689 0.111918 0.432955 0.103563 0.433616
0 0.214714 0.599537 0.0216146 0.664815 0.112382 0.114289 0.1206 0.110214 0.122546 0.434492 0.114396 0.436389
0 0.660807 0.625 0.0195313 0.649074 0.362423 0.13711 0.370682 0.137658 0.368822 0.435905 0.359644 0.436367
0 0.73763 0.626389 0.0169271 0.652778 0.400327 0.13659 0.407323 0.137824 0.406543 0.438071 0.397246 0.43688
0 0.776302 0.643981 0.0197917 0.623148 0.415282 0.149294 0.423298 0.150428 0.420939 0.4395 0.412663 0.438772
