0 0.801953 0.684259 0.0393229 0.500926 0.428403 0.199007 0.441349 0.192955 0.44011 0.431968 0.428598 0.433377
0 0.519661 0.705787 0.0460938 0.461574 0.259313 0.231675 0.273823 0.223198 0.274162 0.433915 0.259812 0.433966
0 0.418099 0.733102 0.0424479 0.439352 0.208866 0.248857 0.222063 0.243203 0.223906 0.442926 0.210405 0.442982
0 0.667708 0.662963 0.0317708 0.550926 0.350242 0.179673 0.36099 0.176196 0.359448 0.432116 0.348876 0.433533
0 0.563542 0.682639 0.0385417 0.500463 0.284784 0.207493 0.298131 0.200916 0.298084 0.428692 0.284731 0.43019
0 0.483203 0.699306 0.0351562 0.484722 0.239161 0.213805 0.251471 0.208111 0.251574 0.431142 0.23941 0.430994
0 0.641667 0.664352 0.0291667 0.54537 0.336023 0.180403 0.346079 0.177679 0.344634 0.430681 0.334664 0.432721
0 0.595573 0.70162 0.0286458 0.461574 0.309969 0.216299 0.320594 0.212509 0.319411 0.429152 0.309394 0.429744
0 0.0971354 0.713657 0.0473958 0.515278 0.0307548 0.215017 0.0436515 0.210514 0.0455731 0.449382 0.0334072 0.451622
0 0.451693 0.70625 0.0304688 0.480093 0.225398 0.223092 0.237407 0.218702 0.238145 0.436221 0.226335 0.436624
0 0.767057 0.699074 0.0330729 0.471296 0.402573 0.213104 0.415215 0.207381 0.413641 0.430242 0.402885 0.432239
0 0.220182 0.723611 0.0236979 0.47963 0.0984572 0.233569 0.109482 0.233114 0.110206 0.449972 0.100243 0.450209
0 0.284896 0.736343 0.0208333 0.45787 0.134793 0.23938 0.144949 0.239306 0.14516 0.450044 0.136299 0.450062
0 0.691016 0.669444 0.0257813 0.536111 0.364229 0.182479 0.374032 0.180096 0.372515 0.432596 0.362974 0.433436
0 0.61862 0.668287 0.0247396 0.53287 0.324221 0.198202 0.332584 0.196216 0.331173 0.427686 0.322822 0.43047
0 0.879297 0.682176 0.0341146 0.500463 0.487314 0.1962 0.499308 0.192164 0.497634 0.429688 0.487593 0.431061
0 0.834896 0.648148 0.0302083 0.571296 0.452339 0.181103 0.462905 0.177773 0.460737 0.430983 0.451011 0.432168
0 0.724479 0.687268 0.0171875 0.497685 0.384802 0.195626 0.394293 0.193743 0.392207 0.431168 0.383334 0.430753
