0 0.884375 0.686806 0.0494792 0.564352 0.471439 0.191191 0.485312 0.185906 0.481755 0.448562 0.47088 0.447296
0 0.318359 0.578009 0.0335938 0.666204 0.161923 0.109531 0.173241 0.103186 0.17467 0.427533 0.163807 0.43073
0 0.0832031 0.555556 0.0367188 0.665741 0.0326099 0.0875638 0.0425428 0.0828754 0.0452067 0.419424 0.0357041 0.418377
0 0.195964 0.577778 0.0268229 0.665741 0.0962272 0.0995385 0.105635 0.0943602 0.107181 0.42528 0.0981656 0.426405
0 0.114063 0.555556 0.0328125 0.665741 0.0482313 0.091752 0.0575779 0.0880101 0.058965 0.419324 0.0507903 0.417431
0 0.847396 0.683565 0.0380208 0.571759 0.453643 0.192758 0.465632 0.188619 0.463063 0.451472 0.452575 0.449883
0 0.762109 0.655787 0.0242188 0.610648 0.407112 0.169337 0.416499 0.169041 0.414369 0.449798 0.404759 0.449575
0 0.272005 0.578009 0.0299479 0.666204 0.139487 0.105244 0.149488 0.099644 0.150783 0.426247 0.140931 0.428041
0 0.733984 0.650231 0.0299479 0.61713 0.397874 0.158557 0.407364 0.157705 0.40608 0.445691 0.395675 0.445479
0 0.29388 0.577778 0.0231771 0.665741 0.153249 0.108036 0.161348 0.106009 0.162335 0.427297 0.15413 0.430561
0 0.651563 0.63588 0.0359375 0.645833 0.35288 0.145109 0.362609 0.14522 0.361422 0.442449 0.350508 0.443194
0 0.379688 0.578472 0.025 0.665278 0.199047 0.112833 0.207021 0.111929 0.207284 0.42853 0.198853 0.432519
0 0.455859 0.6 0.0252604 0.665741 0.241729 0.11463 0.249224 0.114681 0.249586 0.430434 0.241022 0.432532
0 0.497526 0.600231 0.0252604 0.665278 0.266233 0.119101 0.275291 0.117841 0.27446 0.432296 0.265316 0.434332
0 0.361849 0.578009 0.0236979 0.665278 0.188026 0.111501 0.19733 0.108678 0.197603 0.429173 0.188702 0.431428
0 0.155078 0.577778 0.0205729 0.665741 0.0728582 0.099487 0.0802111 0.0964954 0.0818747 0.424466 0.074401 0.424703
0 0.34349 0.598843 0.0244792 0.663426 0.179336 0.107343 0.186542 0.106273 0.187382 0.425729 0.179583 0.428656
0 0.0503906 0.555787 0.0330729 0.665278 0.017263 0.0825086 0.0266637 0.0791505 0.0294045 0.417671 0.0212795 0.415994
0 0.802474 0.663426 0.0231771 0.605556 0.424626 0.171405 0.434378 0.170808 0.431492 0.452025 0.422788 0.451721
0 0.175651 0.577778 0.0257813 0.665741 0.0825179 0.0980843 0.0914388 0.0929334 0.093139 0.424619 0.0845239 0.426721
0 0.25026 0.577778 0.0208333 0.665741 0.127085 0.105352 0.13584 0.101419 0.136982 0.427648 0.128441 0.431189
0 0.404297 0.578241 0.0278646 0.665741 0.21287 0.114616 0.221571 0.113322 0.221827 0.429655 0.212849 0.432996
0 0.214844 0.577778 0.0203125 0.665741 0.107778 0.100206 0.115866 0.0970481 0.117236 0.4269 0.109391 0.428924
0 0.782161 0.65787 0.0179688 0.612037 0.410329 0.166917 0.417984 0.167404 0.415254 0.450054 0.408107 0.450259
0 0.232552 0.577778 0.0208333 0.665741 0.118499 0.102202 0.126035 0.0990855 0.127286 0.426935 0.119737 0.428628
