0 0.183333 0.675694 0.0255208 0.533796 0.0983694 0.187251 0.109043 0.185676 0.109855 0.430447 0.100289 0.432546
0 0.155729 0.672917 0.0348958 0.535648 0.0831946 0.190039 0.0938487 0.18652 0.095351 0.432855 0.0853815 0.434429
0 0.432813 0.71713 0.0401042 0.477778 0.235491 0.22594 0.246232 0.223911 0.247255 0.438902 0.236722 0.439514
0 0.633594 0.730556 0.0244792 0.439815 0.347208 0.234001 0.357102 0.231626 0.35642 0.436707 0.347042 0.438299
0 0.591276 0.735417 0.0278646 0.436574 0.324824 0.240132 0.334755 0.2381 0.334678 0.439864 0.324921 0.441379
0 0.572266 0.738889 0.0304688 0.435185 0.310199 0.24025 0.32087 0.237176 0.320544 0.443349 0.310395 0.443166
0 0.655339 0.731018 0.0231771 0.437037 0.363251 0.235508 0.372341 0.234287 0.371588 0.435769 0.362797 0.437653
0 0.490234 0.716667 0.0299479 0.483333 0.269313 0.226562 0.279025 0.225308 0.279832 0.441573 0.26986 0.442041
0 0.455469 0.719907 0.0364583 0.478704 0.247643 0.22941 0.258491 0.228634 0.259333 0.44564 0.248846 0.445313
0 0.532031 0.720139 0.0265625 0.474537 0.290246 0.226248 0.299879 0.224475 0.300167 0.441246 0.290296 0.442271
0 0.130859 0.672454 0.0263021 0.527315 0.0704535 0.183017 0.0798086 0.181859 0.0811993 0.426397 0.0723388 0.429373
0 0.0903646 0.659722 0.0317708 0.544444 0.048516 0.182167 0.0574327 0.180645 0.0592299 0.43297 0.0506878 0.43572
0 0.361589 0.672222 0.0388021 0.543518 0.198163 0.193504 0.208807 0.189531 0.209778 0.430714 0.199542 0.430383
0 0.613021 0.73125 0.0244792 0.441204 0.334656 0.236672 0.345129 0.234783 0.344299 0.438438 0.3349 0.440331
