0 0.519401 0.631944 0.0273438 0.638889 0.268996 0.147077 0.27938 0.144483 0.278349 0.435134 0.267875 0.436755
0 0.583203 0.631019 0.0263021 0.638889 0.310372 0.145636 0.319205 0.145404 0.317736 0.434896 0.308003 0.436769
0 0.306641 0.650926 0.0231771 0.630556 0.153315 0.157498 0.161143 0.156304 0.162681 0.449365 0.153876 0.451178
0 0.371875 0.645139 0.021875 0.624537 0.189607 0.158861 0.198604 0.156906 0.199451 0.441592 0.190019 0.443051
0 0.679297 0.615278 0.0236979 0.635185 0.363446 0.131767 0.371551 0.131429 0.369815 0.423205 0.360712 0.424255
0 0.80612 0.619213 0.0263021 0.573611 0.444447 0.153111 0.454544 0.151467 0.452415 0.412998 0.443094 0.411635
0 0.658073 0.621065 0.021875 0.636574 0.353512 0.13819 0.361039 0.139255 0.359653 0.430104 0.350445 0.431041
0 0.54401 0.631944 0.0213542 0.637037 0.288398 0.149362 0.295751 0.150773 0.293744 0.433448 0.285947 0.435767
0 0.493359 0.631481 0.0252604 0.636111 0.256323 0.15172 0.264605 0.151776 0.264419 0.441343 0.255252 0.443078
0 0.78099 0.610185 0.0255208 0.596296 0.419281 0.146776 0.428364 0.144914 0.426586 0.413424 0.417527 0.41228
0 0.328125 0.648843 0.0203125 0.626389 0.165588 0.159445 0.173421 0.157829 0.174198 0.447983 0.166146 0.450283
0 0.08125 0.644213 0.0328125 0.666204 0.0227517 0.128102 0.0319408 0.123806 0.0342149 0.458465 0.026049 0.458307
0 0.8375 0.626157 0.0390625 0.549537 0.464705 0.165641 0.475776 0.163117 0.472746 0.409283 0.463299 0.40846
0 0.561589 0.632639 0.0236979 0.634722 0.297551 0.148398 0.306857 0.14805 0.304986 0.43445 0.295764 0.436804
0 0.754297 0.621991 0.0294271 0.570833 0.404159 0.153172 0.415269 0.151237 0.413286 0.413187 0.403138 0.41283
0 0.267188 0.642593 0.0234375 0.659259 0.130365 0.143094 0.13791 0.140625 0.139293 0.448339 0.131116 0.450373
0 0.229167 0.643519 0.0208333 0.662963 0.109035 0.142499 0.116385 0.139769 0.118022 0.454476 0.110066 0.456965
0 0.0558594 0.644676 0.0294271 0.666204 0.0127149 0.132358 0.0212 0.129793 0.0235081 0.461991 0.0161801 0.460987
0 0.728646 0.620139 0.0234375 0.586574 0.391775 0.144576 0.401669 0.143344 0.399234 0.414678 0.390146 0.414721
0 0.350651 0.64537 0.0252604 0.626852 0.176823 0.159811 0.186718 0.157367 0.187443 0.443457 0.177708 0.44555
0 0.704557 0.609722 0.0273438 0.625 0.378874 0.135621 0.388722 0.134398 0.3866 0.419395 0.376591 0.420079
0 0.105078 0.644213 0.0299479 0.665278 0.0348251 0.131817 0.042787 0.128868 0.0450495 0.457529 0.0373179 0.457755
0 0.407292 0.641898 0.0213542 0.622685 0.208488 0.156733 0.216049 0.156941 0.216063 0.442748 0.208066 0.444167
0 0.210156 0.644213 0.0234375 0.664352 0.0963166 0.141157 0.105008 0.137222 0.106762 0.456456 0.0979806 0.457268
0 0.2875 0.64537 0.0192708 0.650926 0.14253 0.148388 0.151041 0.145448 0.152484 0.44755 0.143818 0.44875
0 0.246875 0.63125 0.0234375 0.648611 0.119582 0.14157 0.129222 0.13696 0.130201 0.452404 0.121301 0.453567
0 0.635156 0.627083 0.0234375 0.635648 0.337449 0.140297 0.346293 0.140142 0.344294 0.432132 0.334957 0.43301
0 0.603516 0.629167 0.0195313 0.638889 0.323861 0.144362 0.330667 0.14657 0.329595 0.436437 0.32115 0.437604
0 0.191536 0.628704 0.0210938 0.653704 0.085746 0.14028 0.0937938 0.136989 0.0948304 0.457424 0.0870192 0.459103
0 0.127474 0.643981 0.0263021 0.664815 0.0467025 0.131593 0.055139 0.128055 0.0573685 0.457413 0.0491879 0.45851
0 0.452344 0.634259 0.021875 0.636111 0.231693 0.155012 0.239908 0.155441 0.239796 0.442868 0.231036 0.444004
0 0.389453 0.64375 0.0184896 0.624537 0.201705 0.158232 0.209263 0.158321 0.210037 0.444056 0.201817 0.445256
