0 0.307943 0.645602 0.0252604 0.649537 0.162533 0.153354 0.171684 0.15006 0.173137 0.447789 0.163633 0.449365
0 0.580339 0.643981 0.0351562 0.638889 0.311652 0.155492 0.322349 0.153962 0.321681 0.444645 0.310469 0.44599
0 0.194271 0.645833 0.0197917 0.639815 0.0989878 0.147663 0.106043 0.145474 0.107651 0.445018 0.100106 0.446202
0 0.380469 0.642593 0.0213542 0.650926 0.203813 0.148414 0.210977 0.147929 0.211606 0.446757 0.203721 0.449228
0 0.285547 0.645139 0.0221354 0.651389 0.15079 0.15225 0.159714 0.148931 0.161405 0.447813 0.152161 0.449544
0 0.447917 0.639815 0.021875 0.65 0.240205 0.148872 0.249289 0.147686 0.249513 0.447308 0.239885 0.44912
0 0.424219 0.640046 0.0270833 0.652315 0.226177 0.148021 0.235721 0.14546 0.236491 0.446763 0.226557 0.448189
0 0.530339 0.64375 0.0221354 0.640278 0.284364 0.148196 0.291546 0.149773 0.290164 0.446956 0.282359 0.448783
0 0.263021 0.64375 0.0208333 0.653241 0.137111 0.149981 0.146346 0.146049 0.147989 0.446954 0.138844 0.449421
0 0.154427 0.638426 0.0229167 0.647222 0.0738361 0.134347 0.0810173 0.131658 0.0829546 0.442887 0.0753161 0.443945
0 0.401302 0.640046 0.0223958 0.651389 0.214751 0.149115 0.223545 0.147775 0.224022 0.446888 0.215036 0.449498
0 0.342839 0.64375 0.0195313 0.649537 0.184548 0.150873 0.191515 0.149938 0.192294 0.447571 0.185023 0.448962
0 0.24401 0.645139 0.0203125 0.648611 0.128433 0.149981 0.135652 0.147834 0.137027 0.448969 0.129605 0.450196
0 0.552734 0.640278 0.0221354 0.646296 0.29937 0.150043 0.307582 0.151139 0.306423 0.445306 0.297689 0.447401
0 0.327083 0.643981 0.0171875 0.649074 0.173799 0.151123 0.181298 0.150399 0.182603 0.448162 0.174665 0.450729
0 0.2125 0.646065 0.0166667 0.643981 0.108665 0.149913 0.116866 0.147333 0.118215 0.445979 0.110341 0.446539
0 0.361198 0.64375 0.0208333 0.651389 0.192958 0.151589 0.201718 0.149503 0.202749 0.448293 0.193889 0.449747
0 0.226953 0.644676 0.0158854 0.646759 0.11831 0.148849 0.12563 0.147014 0.127339 0.449056 0.11964 0.451067
0 0.17487 0.643056 0.0179688 0.639815 0.0850722 0.141955 0.0936779 0.138991 0.0955953 0.443222 0.0871503 0.445332
0 0.670833 0.647222 0.0197917 0.618519 0.36264 0.151665 0.370115 0.152475 0.367824 0.437885 0.359869 0.43854
0 0.467708 0.640972 0.0197917 0.646759 0.24949 0.148103 0.256654 0.149503 0.256525 0.450018 0.248416 0.451805
0 0.497786 0.644676 0.0179688 0.641204 0.266312 0.1495 0.274169 0.150663 0.273556 0.450685 0.26528 0.452384
