0 0.80013 0.65162 0.0372396 0.611574 0.42101 0.16569 0.431231 0.165577 0.428234 0.441673 0.419501 0.440481
0 0.080599 0.577778 0.0330729 0.666667 0.0291464 0.092849 0.0398104 0.0873299 0.0418037 0.428072 0.0328964 0.427346
0 0.298438 0.6 0.0255208 0.665741 0.155071 0.102068 0.1639 0.0983172 0.165264 0.431003 0.15597 0.432828
0 0.696745 0.624074 0.0309896 0.662037 0.366274 0.130187 0.374988 0.130146 0.373633 0.442184 0.362954 0.441822
0 0.379297 0.6 0.0247396 0.665741 0.197799 0.102736 0.205309 0.101395 0.206086 0.431033 0.197992 0.434229
0 0.55651 0.621991 0.0229167 0.665278 0.298686 0.111783 0.305039 0.113573 0.303769 0.436389 0.295575 0.438801
0 0.271875 0.577778 0.028125 0.665741 0.13761 0.105613 0.147145 0.10155 0.148041 0.430836 0.139036 0.434912
0 0.11224 0.578009 0.0286458 0.666204 0.0476397 0.101607 0.0566976 0.0979698 0.0579771 0.429708 0.0504456 0.427899
0 0.502474 0.599769 0.0325521 0.666204 0.266219 0.106361 0.27547 0.105635 0.275377 0.434762 0.265123 0.437074
0 0.0494792 0.578009 0.0328125 0.666204 0.0170703 0.0926815 0.0256006 0.0906783 0.0271959 0.426755 0.0214911 0.424072
0 0.47487 0.6 0.0268229 0.665741 0.249564 0.105812 0.258297 0.104983 0.257289 0.431293 0.248369 0.434896
0 0.424089 0.578009 0.0304688 0.665278 0.221289 0.111135 0.230832 0.109521 0.229925 0.43113 0.220834 0.43535
0 0.228906 0.6 0.0317708 0.665741 0.115012 0.101871 0.125251 0.0955717 0.127649 0.43662 0.117135 0.439412
0 0.354948 0.578009 0.0291667 0.666204 0.184114 0.108634 0.193748 0.105851 0.194564 0.433134 0.184861 0.437011
0 0.577214 0.621991 0.0231771 0.665278 0.30703 0.115104 0.315275 0.116174 0.314386 0.438399 0.304826 0.440563
0 0.136849 0.578009 0.0205729 0.666204 0.0622924 0.0998118 0.0711518 0.0969656 0.072604 0.432809 0.0647038 0.432212
