0 0.544271 0.67338 0.0270833 0.606018 0.288625 0.175633 0.29967 0.172972 0.298728 0.448854 0.288314 0.449516
0 0.309245 0.633565 0.0231771 0.64213 0.160725 0.145696 0.170278 0.142078 0.1713 0.4379 0.161818 0.439502
0 0.201302 0.621991 0.03125 0.664352 0.10065 0.130027 0.110502 0.124063 0.112302 0.437492 0.102554 0.439385
0 0.0949219 0.6 0.0242188 0.665741 0.0439048 0.115869 0.0518037 0.113543 0.0537254 0.434313 0.0466418 0.432744
0 0.514714 0.666667 0.0315104 0.610185 0.270526 0.172309 0.282016 0.169879 0.281702 0.447122 0.270545 0.448655
0 0.252214 0.625 0.0351562 0.658333 0.130724 0.140593 0.140376 0.134719 0.141816 0.436421 0.132294 0.437198
0 0.226563 0.622454 0.0265625 0.663426 0.114843 0.13435 0.124447 0.129081 0.125969 0.435871 0.116744 0.438294
0 0.283333 0.632407 0.0302083 0.644444 0.145492 0.145668 0.155603 0.141113 0.156833 0.43725 0.147359 0.438557
0 0.155859 0.6 0.0242188 0.665741 0.0763949 0.119366 0.0839916 0.115771 0.0860418 0.438748 0.078238 0.438883
0 0.568099 0.678935 0.0221354 0.594907 0.299907 0.181212 0.308837 0.181225 0.307566 0.449102 0.298513 0.450606
0 0.176953 0.600694 0.0205729 0.664352 0.0868936 0.122074 0.0955842 0.117133 0.0973492 0.437311 0.0888999 0.439634
0 0.488281 0.665278 0.0197917 0.607407 0.260897 0.165543 0.270215 0.164615 0.269396 0.445819 0.260575 0.447836
0 0.135677 0.6 0.0192708 0.665741 0.0648406 0.115922 0.0731656 0.113081 0.0753967 0.434713 0.0674949 0.433976
0 0.0720052 0.6 0.0236979 0.665741 0.0307497 0.115511 0.0386043 0.114013 0.0408182 0.433826 0.0344361 0.431883
0 0.328646 0.637037 0.01875 0.648148 0.174068 0.143941 0.181252 0.143497 0.182627 0.442929 0.174743 0.445044
0 0.117057 0.6 0.0247396 0.665741 0.0553617 0.114423 0.0631102 0.111021 0.0652131 0.434489 0.0577974 0.433666
0 0.345052 0.638194 0.0161458 0.650463 0.184676 0.144739 0.191337 0.144035 0.192245 0.44328 0.185188 0.444667
0 0.380078 0.63912 0.0179688 0.652315 0.203549 0.142663 0.210466 0.142799 0.211462 0.446266 0.203602 0.448366
