0 0.54362 0.622917 0.0236979 0.620833 0.301027 0.14919 0.308794 0.149913 0.308284 0.433128 0.299504 0.434309
0 0.431641 0.599306 0.0252604 0.664352 0.23563 0.105643 0.244072 0.103853 0.244909 0.427222 0.235884 0.429451
0 0.160286 0.578009 0.0294271 0.666204 0.0783941 0.103414 0.0877489 0.0984095 0.0891877 0.42837 0.0805434 0.42791
0 0.0669271 0.578009 0.0260417 0.666204 0.0253058 0.102274 0.0334261 0.100074 0.0354033 0.428661 0.0286176 0.426722
0 0.404167 0.578009 0.0286458 0.666204 0.218538 0.107613 0.228717 0.105333 0.229553 0.429888 0.219213 0.433531
0 0.522786 0.62338 0.0179688 0.618056 0.28709 0.144869 0.29535 0.144777 0.294558 0.431247 0.28593 0.431982
0 0.569141 0.623611 0.0216146 0.617593 0.31432 0.149823 0.321915 0.150546 0.320472 0.435239 0.312516 0.436493
0 0.136849 0.577778 0.0247396 0.665741 0.0649236 0.10299 0.0738686 0.098304 0.0756353 0.428161 0.0673235 0.428897
0 0.504427 0.62037 0.0182292 0.625 0.278468 0.140659 0.285504 0.141623 0.284683 0.431575 0.27664 0.433061
0 0.115755 0.555556 0.0283854 0.665741 0.0500624 0.0954729 0.060014 0.0906873 0.0620588 0.426069 0.0529984 0.425981
0 0.609115 0.623611 0.01875 0.615741 0.337736 0.149892 0.345198 0.150784 0.344225 0.438837 0.335238 0.440001
0 0.242969 0.577778 0.021875 0.665741 0.130332 0.10016 0.138056 0.0968723 0.13928 0.428858 0.131447 0.431136
0 0.265104 0.578009 0.0286458 0.666204 0.140471 0.0991565 0.150448 0.0935657 0.151766 0.427966 0.142386 0.431517
0 0.0911458 0.578009 0.03125 0.666204 0.0376291 0.0990803 0.0470583 0.0943818 0.0490694 0.428757 0.0408551 0.428293
0 0.287891 0.577778 0.0309896 0.665741 0.155295 0.100543 0.16518 0.0959527 0.166348 0.427762 0.157096 0.43106
0 0.0467448 0.578009 0.0283854 0.666204 0.0160607 0.103841 0.0245721 0.101835 0.0264614 0.428711 0.0204539 0.426088
0 0.38099 0.577778 0.0177083 0.665741 0.207478 0.104056 0.214642 0.103276 0.214441 0.428295 0.207386 0.431573
0 0.470443 0.599537 0.0158854 0.662963 0.256235 0.115344 0.263268 0.115229 0.262696 0.430273 0.255112 0.431869
0 0.310417 0.578009 0.0338542 0.666204 0.166848 0.1021 0.176725 0.0976323 0.177972 0.429492 0.168201 0.431986
0 0.453125 0.599306 0.0182292 0.664352 0.248793 0.113194 0.255644 0.114016 0.256202 0.431605 0.248124 0.433796
0 0.589063 0.624768 0.0177083 0.611574 0.327256 0.151296 0.335627 0.152124 0.334134 0.436959 0.325522 0.438538
