0 0.257943 0.625231 0.0278646 0.650463 0.137893 0.140067 0.147506 0.13473 0.148845 0.435814 0.139264 0.437187
0 0.340625 0.628472 0.0333333 0.638426 0.183989 0.147285 0.195784 0.141903 0.197808 0.437423 0.185978 0.4398
0 0.234896 0.621528 0.0213542 0.655093 0.125916 0.136488 0.134851 0.131986 0.13617 0.435647 0.127526 0.437134
0 0.374089 0.628704 0.0346354 0.640741 0.200691 0.146537 0.211857 0.140873 0.212472 0.433391 0.202024 0.433962
0 0.407682 0.630556 0.0335938 0.642593 0.21964 0.146932 0.231108 0.141727 0.231978 0.436369 0.22085 0.437378
0 0.119401 0.602778 0.0210938 0.659259 0.0583985 0.124136 0.0658547 0.121242 0.0676515 0.430256 0.0604878 0.429545
0 0.0976563 0.600231 0.0270833 0.665278 0.0450504 0.118312 0.0535449 0.114772 0.0552504 0.430332 0.0479296 0.428726
0 0.315365 0.626852 0.0177083 0.639815 0.172046 0.143052 0.179648 0.140322 0.180507 0.435659 0.172807 0.43831
0 0.278646 0.627315 0.01875 0.642593 0.151022 0.14251 0.158506 0.139868 0.159466 0.434283 0.15185 0.436763
0 0.140365 0.609259 0.0270833 0.646296 0.0693508 0.131068 0.0784206 0.125904 0.0805055 0.43401 0.0717591 0.434863
0 0.705339 0.629167 0.0216146 0.630556 0.390632 0.148005 0.397916 0.148835 0.396077 0.432918 0.387702 0.433482
0 0.21237 0.62037 0.0242188 0.657407 0.11105 0.135995 0.120088 0.131273 0.121288 0.434948 0.11272 0.435602
0 0.0740885 0.6 0.0247396 0.665741 0.0315921 0.113918 0.0397192 0.112138 0.0413129 0.429265 0.0352069 0.427734
0 0.186719 0.619676 0.0291667 0.65787 0.0950474 0.131789 0.104065 0.12697 0.105322 0.433166 0.0968619 0.433742
0 0.163021 0.610648 0.0208333 0.644444 0.0821675 0.134494 0.0908693 0.13059 0.0924357 0.434622 0.0842912 0.434421
0 0.567839 0.62963 0.0236979 0.648148 0.311622 0.141512 0.319314 0.141461 0.317891 0.441006 0.309585 0.442884
0 0.438932 0.631481 0.0236979 0.642593 0.236818 0.146078 0.246299 0.144214 0.246163 0.437186 0.236775 0.439558
0 0.880078 0.648843 0.0242188 0.571759 0.484353 0.168892 0.493606 0.168469 0.489916 0.431108 0.483256 0.429777
0 0.544922 0.630556 0.0216146 0.647222 0.299497 0.141572 0.306748 0.142696 0.305844 0.442762 0.297393 0.44458
0 0.297396 0.627546 0.0208333 0.641204 0.161324 0.142191 0.170085 0.138383 0.171054 0.435755 0.16271 0.436382
0 0.460677 0.631713 0.0203125 0.643981 0.249293 0.144653 0.258078 0.143884 0.258084 0.441828 0.248682 0.443717
0 0.623698 0.626852 0.0171875 0.64537 0.341384 0.140588 0.349483 0.14069 0.347976 0.439236 0.339049 0.439392
0 0.810417 0.636806 0.01875 0.603241 0.439028 0.16006 0.447022 0.161065 0.444769 0.436973 0.43665 0.435013
0 0.684896 0.627083 0.0229167 0.636574 0.376987 0.142553 0.385866 0.142152 0.383814 0.433205 0.374308 0.433829
0 0.723958 0.63125 0.0192708 0.624537 0.398051 0.147405 0.406883 0.146917 0.405101 0.431755 0.395559 0.430514
0 0.607682 0.627546 0.0184896 0.647685 0.335789 0.141956 0.342601 0.143514 0.341107 0.44025 0.332819 0.441391
0 0.588412 0.629167 0.0195313 0.648148 0.321284 0.139797 0.329947 0.139481 0.328368 0.439727 0.319267 0.441198
0 0.0473958 0.578935 0.0333333 0.663426 0.0179362 0.114649 0.0267514 0.111935 0.0293279 0.431312 0.021835 0.429716
0 0.860417 0.634491 0.0177083 0.600463 0.470014 0.158977 0.478431 0.159537 0.47548 0.433097 0.4681 0.431442
0 0.74401 0.633102 0.0213542 0.619907 0.410371 0.148076 0.417428 0.149514 0.416039 0.433388 0.407616 0.432606
0 0.665495 0.624768 0.0184896 0.641204 0.36813 0.142415 0.375329 0.142849 0.373109 0.434213 0.365086 0.434794
0 0.827995 0.636343 0.0200521 0.606944 0.44595 0.153541 0.453127 0.155096 0.450942 0.432821 0.443693 0.431332
