0 0.469531 0.647685 0.0322917 0.656481 0.243705 0.151088 0.255765 0.146137 0.25606 0.451184 0.244398 0.452325
0 0.619922 0.656713 0.0210938 0.644907 0.327047 0.149137 0.33486 0.150246 0.333254 0.453679 0.324424 0.455359
0 0.498307 0.648611 0.0195313 0.652778 0.261818 0.150535 0.270916 0.150727 0.270064 0.449928 0.260619 0.452085
0 0.669271 0.677546 0.0234375 0.597685 0.353655 0.178384 0.362741 0.177836 0.361345 0.453731 0.351959 0.453943
0 0.298958 0.627315 0.0302083 0.655556 0.155606 0.140106 0.165621 0.135328 0.1668 0.446344 0.157032 0.447939
0 0.273828 0.622917 0.0294271 0.664352 0.13969 0.135767 0.149726 0.130555 0.151025 0.443448 0.141296 0.446372
0 0.693229 0.676852 0.0234375 0.597222 0.367884 0.179709 0.376793 0.179359 0.375139 0.450135 0.366214 0.450556
0 0.327214 0.641435 0.0361979 0.659722 0.170059 0.143755 0.180399 0.139312 0.18197 0.444387 0.171456 0.446874
0 0.596484 0.648611 0.0257813 0.65463 0.31634 0.148656 0.325677 0.148381 0.324232 0.452847 0.313967 0.454312
0 0.64362 0.660417 0.0263021 0.635648 0.340223 0.162872 0.349755 0.162387 0.348909 0.45444 0.338544 0.454833
0 0.415234 0.64375 0.0299479 0.659722 0.216893 0.14779 0.22702 0.145143 0.227107 0.444745 0.217359 0.447067
0 0.555729 0.656018 0.0192708 0.642593 0.293777 0.149398 0.300663 0.151066 0.298874 0.45614 0.291145 0.457985
0 0.516276 0.647917 0.0184896 0.653241 0.271647 0.146968 0.27897 0.148085 0.277543 0.451783 0.269559 0.454079
0 0.440365 0.644213 0.0255208 0.659722 0.231746 0.146309 0.241217 0.144325 0.241581 0.448615 0.231632 0.450567
0 0.354557 0.641667 0.0289063 0.658333 0.184963 0.142999 0.194592 0.140858 0.196193 0.445635 0.186174 0.44763
0 0.385156 0.643519 0.0380208 0.660185 0.202438 0.149049 0.212518 0.14651 0.213272 0.443544 0.202946 0.446138
0 0.535938 0.650463 0.01875 0.649074 0.281805 0.148543 0.290632 0.148624 0.289427 0.452732 0.280288 0.453891
0 0.1875 0.622222 0.0291667 0.665741 0.0895052 0.120879 0.098716 0.115878 0.100208 0.445381 0.0913305 0.446052
0 0.250521 0.622222 0.03125 0.665741 0.125527 0.131826 0.13559 0.125925 0.137154 0.447256 0.127131 0.450087
0 0.227604 0.622222 0.0239583 0.665741 0.113718 0.125598 0.121572 0.122062 0.123093 0.448296 0.114867 0.450754
0 0.574609 0.649306 0.0164063 0.652315 0.30201 0.150132 0.310847 0.150318 0.309709 0.454764 0.300402 0.455338
0 0.714974 0.675463 0.0179688 0.598148 0.379036 0.174788 0.388023 0.174059 0.385764 0.444012 0.377404 0.444698
0 0.16276 0.6 0.03125 0.665741 0.0760874 0.115399 0.0860907 0.109048 0.0882447 0.445636 0.0785806 0.447075
