0 0.502474 0.650463 0.0351562 0.636111 0.266752 0.153112 0.277973 0.15166 0.278049 0.446912 0.266455 0.448716
0 0.376693 0.625926 0.0242188 0.658333 0.196682 0.133727 0.206624 0.130216 0.207019 0.442886 0.197206 0.444608
0 0.345313 0.622685 0.0348958 0.664815 0.178574 0.12808 0.188631 0.124817 0.189661 0.441871 0.179163 0.444791
0 0.0947917 0.600231 0.0276042 0.666204 0.0395604 0.101129 0.048458 0.0977765 0.0503377 0.441651 0.0426823 0.439876
0 0.411458 0.640046 0.0171875 0.655093 0.217607 0.140942 0.226027 0.140248 0.226583 0.448583 0.217928 0.449743
0 0.0722656 0.600231 0.0268229 0.666204 0.0280018 0.102578 0.0366797 0.0997878 0.0384411 0.440439 0.0318106 0.438065
0 0.476563 0.642361 0.0223958 0.646759 0.253141 0.148563 0.26158 0.148316 0.26063 0.445761 0.252239 0.448773
0 0.28112 0.622222 0.0247396 0.665741 0.14506 0.107601 0.152422 0.104449 0.153971 0.446985 0.145844 0.45013
0 0.117708 0.622222 0.025 0.665741 0.0528949 0.10251 0.0605752 0.0994977 0.0624792 0.443427 0.0552013 0.442726
0 0.396875 0.640278 0.0182292 0.655556 0.2117 0.139286 0.218677 0.139421 0.219303 0.449221 0.211392 0.451056
