0 0.145964 0.618519 0.0289063 0.500926 0.073412 0.168682 0.083208 0.16666 0.0843915 0.396163 0.075154 0.397775
0 0.24375 0.659954 0.0208333 0.454167 0.126394 0.199179 0.135232 0.197655 0.135495 0.410301 0.127475 0.411512
0 0.219792 0.640741 0.028125 0.483333 0.111358 0.185961 0.122203 0.182718 0.122931 0.406556 0.113596 0.407295
0 0.171875 0.626157 0.0276042 0.493056 0.0860514 0.173277 0.0958015 0.171277 0.0968456 0.397913 0.0877717 0.398895
0 0.263281 0.667593 0.0197917 0.446296 0.136882 0.207624 0.147075 0.207133 0.147967 0.413376 0.138771 0.415053
0 0.194661 0.636574 0.0221354 0.482407 0.0994142 0.178629 0.10878 0.178289 0.109561 0.402099 0.101202 0.403818
0 0.103125 0.619213 0.0244792 0.495833 0.0493357 0.16982 0.0583236 0.166967 0.0603374 0.39472 0.0513509 0.396773
0 0.333594 0.684722 0.021875 0.431481 0.177047 0.221164 0.185945 0.220781 0.186578 0.419194 0.177975 0.419485
0 0.299349 0.676389 0.0179688 0.439815 0.156286 0.213669 0.165872 0.213887 0.166904 0.418598 0.157822 0.420075
0 0.282813 0.670602 0.0177083 0.443981 0.150098 0.211515 0.158576 0.211013 0.159265 0.41451 0.150991 0.416249
0 0.123828 0.620602 0.0236979 0.494907 0.0613289 0.168277 0.0707816 0.165908 0.0717406 0.392747 0.0634087 0.393904
