0 0.108724 0.680787 0.0367188 0.49213 0.0461154 0.201395 0.0576908 0.197872 0.0590128 0.42424 0.0485375 0.426446
0 0.253385 0.696528 0.0364583 0.484722 0.126983 0.211415 0.139798 0.205989 0.141884 0.434306 0.129465 0.435113
0 0.167057 0.692824 0.0299479 0.483796 0.0774645 0.210197 0.0895198 0.206502 0.0915067 0.429753 0.0802492 0.431442
0 0.194401 0.692824 0.0278646 0.4875 0.0950068 0.205026 0.105303 0.202599 0.106516 0.430541 0.0971993 0.432074
0 0.221224 0.67662 0.0268229 0.522685 0.11174 0.195269 0.122605 0.193256 0.123586 0.429635 0.113656 0.430214
0 0.426823 0.689583 0.0364583 0.521759 0.219617 0.205132 0.232282 0.200561 0.233472 0.435139 0.220934 0.43543
0 0.339583 0.709722 0.0385417 0.472222 0.176428 0.22842 0.188524 0.224197 0.190191 0.437804 0.178238 0.438415
0 0.545313 0.722222 0.046875 0.466667 0.285978 0.239067 0.2993 0.23375 0.299514 0.447119 0.286615 0.44609
0 0.394401 0.684491 0.0434896 0.524537 0.207402 0.208341 0.219365 0.204113 0.220634 0.436642 0.209094 0.43638
0 0.078776 0.670833 0.0320313 0.509259 0.0316747 0.199232 0.0429243 0.196137 0.0451697 0.423284 0.0343455 0.42759
0 0.508594 0.71088 0.0473958 0.480093 0.265958 0.230927 0.278478 0.22644 0.279011 0.438857 0.266336 0.438716
0 0.757813 0.705556 0.0395833 0.475926 0.403081 0.230881 0.413988 0.229001 0.412224 0.43827 0.402786 0.439406
0 0.138281 0.688426 0.0317708 0.488889 0.0633598 0.205348 0.0742251 0.202772 0.0761461 0.428185 0.0656551 0.430191
0 0.610938 0.718981 0.0416667 0.466667 0.319274 0.229162 0.331174 0.224987 0.330358 0.439042 0.319454 0.442442
0 0.304688 0.68912 0.028125 0.505093 0.155379 0.207751 0.165953 0.207517 0.167382 0.432703 0.156949 0.432809
0 0.643229 0.702546 0.0463542 0.498611 0.337733 0.224207 0.350293 0.219582 0.34961 0.437298 0.33729 0.439105
0 0.578516 0.721296 0.0393229 0.462037 0.303722 0.236615 0.315993 0.232679 0.315751 0.444128 0.304045 0.445105
0 0.0514323 0.690278 0.0299479 0.468518 0.0173599 0.209364 0.0272309 0.207931 0.0299919 0.42606 0.0199203 0.430632
