0 0.443229 0.711111 0.0489583 0.509259 0.219636 0.219415 0.233386 0.212478 0.235045 0.448502 0.220828 0.448446
0 0.116276 0.708102 0.0268229 0.48287 0.0458479 0.229147 0.0570781 0.227435 0.0589739 0.4444 0.0480352 0.448019
0 0.181901 0.713194 0.0273438 0.484722 0.0810609 0.226473 0.0919537 0.225178 0.093212 0.445588 0.0829174 0.447092
0 0.528125 0.72037 0.028125 0.485185 0.265062 0.222355 0.275739 0.220222 0.275123 0.445002 0.265049 0.445662
0 0.495052 0.710417 0.0473958 0.505093 0.247704 0.218563 0.260916 0.212075 0.261552 0.445485 0.248103 0.445951
0 0.204036 0.71713 0.0184896 0.480556 0.0949028 0.230089 0.103962 0.23031 0.104898 0.448696 0.0960443 0.450516
0 0.244531 0.719676 0.0197917 0.48287 0.119523 0.230598 0.128402 0.229944 0.129501 0.450406 0.120641 0.451872
0 0.691406 0.713657 0.028125 0.484722 0.357007 0.224508 0.367016 0.221974 0.365693 0.442259 0.356278 0.444506
0 0.26224 0.719444 0.01875 0.483333 0.12691 0.228546 0.136373 0.228348 0.137116 0.450314 0.12819 0.450297
0 0.33138 0.721528 0.0221354 0.483796 0.163621 0.229635 0.172952 0.229139 0.173706 0.452549 0.164606 0.452294
0 0.157943 0.715046 0.0200521 0.480093 0.070595 0.230686 0.0801507 0.231459 0.0813573 0.445002 0.0720771 0.44797
0 0.0945313 0.709028 0.0213542 0.479167 0.0368557 0.227819 0.0467694 0.227895 0.0478941 0.443484 0.0384144 0.448267
0 0.311458 0.720602 0.0213542 0.483796 0.153856 0.227664 0.163232 0.227042 0.164054 0.450623 0.155045 0.450542
0 0.0536458 0.709028 0.0213542 0.478241 0.0159105 0.227765 0.025017 0.226859 0.0265445 0.44496 0.0179879 0.449297
0 0.386068 0.725 0.0169271 0.480556 0.193654 0.224995 0.202348 0.225183 0.203034 0.447527 0.194214 0.446918
0 0.40651 0.721528 0.0260417 0.49213 0.204583 0.227519 0.214641 0.224495 0.215261 0.445645 0.204711 0.445506
0 0.767318 0.694907 0.0283854 0.496296 0.398935 0.212252 0.408119 0.210986 0.407042 0.429744 0.398018 0.432812
0 0.224479 0.717361 0.0229167 0.481944 0.106187 0.227791 0.116705 0.227176 0.118402 0.449603 0.108325 0.451825
0 0.791667 0.686111 0.0239583 0.50463 0.417725 0.203597 0.427229 0.201945 0.425309 0.430155 0.416779 0.432037
