0 0.570573 0.724537 0.0291667 0.476852 0.277127 0.232251 0.288923 0.227998 0.288139 0.446703 0.276822 0.446558
0 0.716797 0.716667 0.0367188 0.492593 0.379281 0.214454 0.391702 0.210464 0.390694 0.445524 0.378713 0.446993
0 0.692448 0.691435 0.0265625 0.546759 0.356144 0.185198 0.366144 0.183636 0.364114 0.445693 0.354062 0.447306
0 0.666406 0.682176 0.0338542 0.568981 0.336047 0.189284 0.347939 0.185387 0.346534 0.448485 0.334829 0.451011
0 0.598698 0.715741 0.0286458 0.497222 0.296277 0.224295 0.306436 0.221384 0.305115 0.44564 0.295412 0.447753
0 0.509115 0.706713 0.0234375 0.498611 0.253367 0.228111 0.26334 0.224928 0.263087 0.445683 0.253016 0.445415
0 0.795182 0.723148 0.0440104 0.466667 0.427316 0.231699 0.439516 0.227427 0.438607 0.442495 0.4271 0.443776
0 0.622396 0.716204 0.0208333 0.497222 0.312255 0.21531 0.321673 0.213723 0.320651 0.445485 0.31105 0.447566
0 0.321875 0.705556 0.0520833 0.483333 0.147924 0.232403 0.162782 0.223849 0.16417 0.440403 0.150627 0.440091
0 0.538281 0.703704 0.0411458 0.512963 0.260809 0.215761 0.272207 0.211928 0.271106 0.44219 0.259854 0.443659
0 0.281771 0.708333 0.0541667 0.47963 0.125398 0.230024 0.139647 0.223031 0.141401 0.437344 0.127843 0.437546
0 0.83125 0.672222 0.0401042 0.571296 0.454956 0.193657 0.467132 0.188991 0.46534 0.440212 0.454486 0.441159
0 0.860547 0.663194 0.0393229 0.589352 0.478931 0.174952 0.490191 0.172527 0.487803 0.444497 0.477339 0.445032
