0 0.0721354 0.669444 0.0265625 0.52963 0.0273136 0.191321 0.0370135 0.189382 0.0379602 0.430232 0.0296156 0.43334
0 0.824479 0.666204 0.0489583 0.572222 0.444648 0.180638 0.458392 0.176271 0.456858 0.432369 0.444591 0.431855
0 0.78138 0.700926 0.0445313 0.511111 0.402971 0.201931 0.415994 0.196505 0.413973 0.433953 0.402793 0.435649
0 0.61862 0.703704 0.0242188 0.506481 0.321198 0.217449 0.330523 0.216793 0.329204 0.449954 0.320045 0.451445
0 0.597786 0.713889 0.0283854 0.485185 0.312693 0.225721 0.321847 0.223677 0.320697 0.448108 0.311927 0.449714
0 0.558594 0.734028 0.0260417 0.443056 0.288958 0.239485 0.297961 0.237923 0.297391 0.445629 0.288152 0.446227
0 0.63763 0.708102 0.0257813 0.494907 0.33124 0.219606 0.340793 0.218094 0.339084 0.44321 0.330071 0.444224
0 0.336328 0.694444 0.0356771 0.516667 0.165568 0.21569 0.176368 0.211981 0.177021 0.439782 0.167011 0.440042
0 0.360417 0.720602 0.0322917 0.465278 0.17915 0.227625 0.190079 0.226914 0.1906 0.444876 0.180699 0.444022
0 0.903125 0.704167 0.0223958 0.497222 0.496982 0.216642 0.507409 0.214895 0.505108 0.437898 0.497005 0.440442
