0 0.536328 0.631944 0.0575521 0.644444 0.280535 0.153963 0.294179 0.14936 0.294112 0.436417 0.28027 0.438567
0 0.257943 0.627546 0.0252604 0.654167 0.12825 0.139651 0.137447 0.135435 0.138704 0.443847 0.129602 0.446073
0 0.657292 0.647222 0.0390625 0.634259 0.350337 0.15275 0.361995 0.14978 0.360913 0.440494 0.348709 0.440652
0 0.322396 0.638426 0.0255208 0.65 0.164698 0.14723 0.174161 0.143518 0.175583 0.443229 0.165935 0.444562
0 0.345964 0.640046 0.0195313 0.647685 0.179939 0.148094 0.187536 0.147368 0.188642 0.445033 0.180265 0.446918
0 0.278906 0.636343 0.0229167 0.648611 0.140446 0.143249 0.147883 0.141117 0.149452 0.443193 0.141471 0.446006
0 0.422266 0.640046 0.0195313 0.646759 0.218293 0.145526 0.226974 0.144582 0.227442 0.446945 0.218077 0.448666
0 0.234245 0.624306 0.0283854 0.659722 0.116712 0.136128 0.126466 0.131266 0.128045 0.443808 0.118564 0.445762
0 0.497656 0.641898 0.0182292 0.64213 0.260831 0.146985 0.268869 0.147948 0.26828 0.446542 0.259539 0.44804
0 0.38151 0.640278 0.0182292 0.647222 0.198104 0.145509 0.205082 0.145382 0.205474 0.445278 0.197909 0.447577
0 0.159505 0.621528 0.0210938 0.664352 0.0741269 0.124806 0.0821529 0.121233 0.0838874 0.441606 0.0756988 0.441665
0 0.605469 0.638889 0.0213542 0.64537 0.324318 0.145872 0.331479 0.147386 0.329866 0.442094 0.321829 0.443019
0 0.477474 0.641898 0.0200521 0.641204 0.248597 0.147845 0.256766 0.148515 0.256099 0.446939 0.24761 0.448995
0 0.400651 0.63912 0.0205729 0.648611 0.206522 0.146859 0.21558 0.146095 0.216033 0.446532 0.206664 0.448773
0 0.441016 0.640046 0.0200521 0.643981 0.231046 0.147087 0.238494 0.147897 0.238857 0.450197 0.230543 0.451656
0 0.121094 0.6 0.01875 0.665741 0.0546018 0.116946 0.0622329 0.114043 0.0642777 0.438355 0.0570229 0.436889
0 0.625521 0.642361 0.0203125 0.6375 0.331743 0.14546 0.340435 0.145657 0.338755 0.440865 0.329541 0.441372
0 0.363672 0.640278 0.0164063 0.648148 0.188156 0.146299 0.19606 0.145509 0.197376 0.447168 0.188953 0.448978
0 0.208073 0.621991 0.0203125 0.660648 0.0998573 0.132143 0.107865 0.129348 0.109273 0.443569 0.101271 0.444831
0 0.3 0.637731 0.0223958 0.649537 0.152404 0.14848 0.160745 0.146328 0.162067 0.443363 0.153409 0.445868
0 0.0701823 0.600231 0.0195313 0.666204 0.0268106 0.110647 0.0343168 0.109117 0.0366786 0.436594 0.0301798 0.434229
