0 0.502474 0.650463 0.0351562 0.636111 0.266752 0.153112 0.277973 0.15166 0.278049 0.446912 0.266455 0.448716
0 0.376693 0.625926 0.0242188 0.658333 0.196682 0.133727 0.206624 0.130216 0.207019 0.442886 0.197206 0.444608
0 0.345313 0.622685 0.0348958 0.664815 0.178574 0.12808 0.188631 0.124817 0.189661 0.441871 0.179163 0.444791
0 0.0947917 0.600231 0.0276042 0.666204 0.0395604 0.101129 0.048458 0.0977765 0.0503377 0.441651 0.0426823 0.439876
0 0.411458 0.640046 0.0171875 0.655093 0.217607 0.140942 0.226027 0.140248 0.226583 0.448583 0.217928 0.449743
0 0.0722656 0.600231 0.0268229 0.666204 0.0280018 0.102578 0.0366797 0.0997878 0.0384411 0.440439 0.0318106 0.438065
0 0.476563 0.642361 0.0223958 0.646759 0.253141 0.148563 0.26158 0.148316 0.26063 0.445761 0.252239 0.448773
0 0.28112 0.622222 0.0247396 0.665741 0.14506 0.107601 0.152422 0.104449 0.153971 0.446985 0.145844 0.45013
0 0.117708 0.622222 0.025 0.665741 0.0528949 0.10251 0.0605752 0.0994977 0.0624792 0.443427 0.0552013 0.442726
0 0.396875 0.640278 0.0182292 0.655556 0.2117 0.139286 0.218677 0.139421 0.219303 0.449221 0.211392 0.451056
0 0.536589 0.653472 0.0356771 0.636574 0.282832 0.149347 0.294024 0.146127 0.292782 0.44787 0.28249 0.449038
0 0.138672 0.600231 0.0278646 0.666204 0.0636942 0.0989875 0.0731052 0.0938831 0.0751891 0.444591 0.066341 0.445438
0 0.187891 0.6 0.0320313 0.665741 0.0910429 0.101118 0.100768 0.0957298 0.102858 0.444207 0.0934262 0.446069
0 0.215234 0.577778 0.0278646 0.665741 0.105251 0.104152 0.116134 0.098829 0.117272 0.443201 0.10771 0.446088
0 0.320052 0.622222 0.0192708 0.665741 0.167335 0.108926 0.174772 0.10717 0.176455 0.446749 0.168042 0.449266
0 0.0513021 0.577778 0.0255208 0.665741 0.0153506 0.105818 0.0238377 0.103584 0.0258115 0.441369 0.0189992 0.439695
0 0.161589 0.600231 0.0330729 0.666204 0.074704 0.0982685 0.0841876 0.0936026 0.0860155 0.445694 0.0771149 0.445455
0 0.301953 0.6 0.0226563 0.665741 0.155683 0.105467 0.164952 0.102104 0.166586 0.445865 0.157074 0.449358
0 0.427865 0.638657 0.0223958 0.652315 0.226673 0.144895 0.234488 0.144824 0.23516 0.449162 0.226507 0.451376
0 0.259766 0.622222 0.0226563 0.665741 0.131174 0.106468 0.13946 0.102887 0.14117 0.448012 0.132404 0.449758
0 0.239323 0.578241 0.0223958 0.664815 0.120704 0.105641 0.13046 0.102058 0.131223 0.444585 0.122601 0.447691
0 0.0261719 0.577315 0.0309896 0.665741 0.00515237 0.0967187 0.0136035 0.0948009 0.0160896 0.439679 0.00976735 0.437589
