0 0.570573 0.724537 0.0291667 0.476852 0.277127 0.232251 0.288923 0.227998 0.288139 0.446703 0.276822 0.446558
0 0.716797 0.716667 0.0367188 0.492593 0.379281 0.214454 0.391702 0.210464 0.390694 0.445524 0.378713 0.446993
0 0.692448 0.691435 0.0265625 0.546759 0.356144 0.185198 0.366144 0.183636 0.364114 0.445693 0.354062 0.447306
0 0.666406 0.682176 0.0338542 0.568981 0.336047 0.189284 0.347939 0.185387 0.346534 0.448485 0.334829 0.451011
0 0.598698 0.715741 0.0286458 0.497222 0.296277 0.224295 0.306436 0.221384 0.305115 0.44564 0.295412 0.447753
0 0.509115 0.706713 0.0234375 0.498611 0.253367 0.228111 0.26334 0.224928 0.263087 0.445683 0.253016 0.445415
0 0.795182 0.723148 0.0440104 0.466667 0.427316 0.231699 0.439516 0.227427 0.438607 0.442495 0.4271 0.443776
0 0.622396 0.716204 0.0208333 0.497222 0.312255 0.21531 0.321673 0.213723 0.320651 0.445485 0.31105 0.447566
0 0.321875 0.705556 0.0520833 0.483333 0.147924 0.232403 0.162782 0.223849 0.16417 0.440403 0.150627 0.440091
0 0.538281 0.703704 0.0411458 0.512963 0.260809 0.215761 0.272207 0.211928 0.271106 0.44219 0.259854 0.443659
0 0.281771 0.708333 0.0541667 0.47963 0.125398 0.230024 0.139647 0.223031 0.141401 0.437344 0.127843 0.437546
0 0.83125 0.672222 0.0401042 0.571296 0.454956 0.193657 0.467132 0.188991 0.46534 0.440212 0.454486 0.441159
0 0.860547 0.663194 0.0393229 0.589352 0.478931 0.174952 0.490191 0.172527 0.487803 0.444497 0.477339 0.445032
0 0.641536 0.709722 0.0247396 0.512963 0.326368 0.209404 0.334942 0.208532 0.333586 0.448098 0.324987 0.450907
0 0.914453 0.715509 0.0377604 0.4875 0.513934 0.216935 0.526628 0.213019 0.525168 0.446593 0.514318 0.447279
0 0.88737 0.667824 0.0367188 0.580093 0.4942 0.176794 0.505307 0.173793 0.503263 0.44401 0.492919 0.444523
0 0.183073 0.659722 0.0463542 0.568519 0.0721674 0.185329 0.0840291 0.17964 0.0856718 0.432607 0.0747106 0.433487
0 0.470313 0.738889 0.0526042 0.438889 0.228233 0.267193 0.242324 0.259662 0.242907 0.455336 0.229015 0.456233
0 0.209115 0.679167 0.0416667 0.532407 0.0851573 0.195504 0.0968271 0.191836 0.0980982 0.433218 0.0873125 0.434726
0 0.752734 0.700926 0.0481771 0.519444 0.404039 0.233513 0.415089 0.230339 0.413965 0.442072 0.403024 0.444061
0 0.960807 0.7125 0.0518229 0.498148 0.527304 0.221906 0.540615 0.216905 0.538991 0.454294 0.527344 0.455477
0 0.425391 0.710185 0.0502604 0.496296 0.202443 0.229775 0.215949 0.223975 0.216681 0.438761 0.203474 0.440227
