0 0.330599 0.627315 0.0304688 0.65463 0.16645 0.13927 0.175849 0.136123 0.177046 0.439121 0.167627 0.441379
0 0.275911 0.623148 0.0273438 0.662037 0.134226 0.13012 0.143579 0.126233 0.145049 0.436789 0.135678 0.439627
0 0.43125 0.653009 0.0328125 0.605093 0.218562 0.159268 0.228133 0.157555 0.22834 0.441011 0.218761 0.44222
0 0.302995 0.627778 0.0294271 0.651852 0.150802 0.13628 0.159994 0.133325 0.161281 0.438276 0.15207 0.440407
0 0.510938 0.67662 0.0375 0.563426 0.265098 0.193112 0.275412 0.19005 0.274947 0.446509 0.264683 0.446724
0 0.214844 0.600694 0.0338542 0.663426 0.097889 0.120343 0.108583 0.114742 0.110748 0.436032 0.100241 0.438632
0 0.0421875 0.599769 0.0317708 0.665278 0.0103177 0.117681 0.0182069 0.115551 0.020912 0.434638 0.0141432 0.432943
0 0.174219 0.599769 0.0364583 0.664352 0.0728655 0.115993 0.0834439 0.110754 0.0860024 0.433702 0.0753997 0.436273
0 0.0684896 0.599769 0.0296875 0.665278 0.0202936 0.11606 0.0286459 0.113595 0.0309462 0.431905 0.0236005 0.430939
0 0.705599 0.693287 0.0351562 0.546759 0.35651 0.206517 0.366131 0.205471 0.363568 0.447492 0.355143 0.447415
0 0.536979 0.678935 0.03125 0.564352 0.277808 0.193545 0.287591 0.191576 0.286304 0.444635 0.276623 0.446075
0 0.015625 0.599537 0.0239583 0.664815 0 0.112901 0.00115532 0.112848 0.00449435 0.437624 0 0.43708
0 0.397396 0.631481 0.0255208 0.64537 0.203538 0.140471 0.211866 0.14001 0.212077 0.443189 0.203603 0.444659
0 0.244531 0.621759 0.0260417 0.663889 0.115777 0.123073 0.124016 0.120104 0.125362 0.43741 0.117255 0.438886
0 0.357292 0.628704 0.0234375 0.651852 0.181272 0.138293 0.189141 0.138061 0.189809 0.442469 0.181692 0.444641
0 0.458073 0.66412 0.0328125 0.581944 0.23539 0.178463 0.244253 0.178612 0.243838 0.438427 0.234707 0.439365
0 0.379557 0.630324 0.0210938 0.647685 0.194889 0.13824 0.202505 0.138049 0.202733 0.44332 0.19499 0.44585
0 0.130599 0.599769 0.0440104 0.665278 0.0503587 0.114553 0.0613436 0.107615 0.0638916 0.433072 0.0532898 0.433354
0 0.472786 0.674537 0.0315104 0.563889 0.245228 0.18835 0.254162 0.186735 0.254371 0.44293 0.24495 0.442554
0 0.404427 0.638194 0.0260417 0.634722 0.206833 0.147001 0.2147 0.147651 0.215349 0.442593 0.206735 0.444114
0 0.465885 0.671991 0.0395833 0.5625 0.241839 0.182737 0.251452 0.180893 0.250884 0.438412 0.241024 0.439054
0 0.258333 0.622222 0.0192708 0.663889 0.122904 0.128657 0.130382 0.126198 0.131884 0.438421 0.123827 0.440376
0 0.0963542 0.6 0.0322917 0.664815 0.0339118 0.115567 0.0420195 0.113113 0.0440003 0.434501 0.0365972 0.4334
