0 0.342708 0.616667 0.0213542 0.653704 0.18637 0.131829 0.193559 0.130417 0.194273 0.43235 0.186563 0.435075
0 0.295052 0.616898 0.0244792 0.654167 0.159424 0.128944 0.167696 0.125974 0.169003 0.435443 0.160334 0.437371
0 0.320182 0.616435 0.0289063 0.654167 0.171521 0.129825 0.18137 0.124432 0.182654 0.43427 0.172837 0.435926
0 0.560156 0.626852 0.0229167 0.650926 0.306473 0.138211 0.315605 0.137633 0.314372 0.437744 0.304531 0.439789
0 0.478776 0.619444 0.0179688 0.655556 0.259328 0.135008 0.265936 0.135774 0.264786 0.436624 0.257423 0.439368
0 0.273438 0.602315 0.0223958 0.660185 0.146235 0.130226 0.155741 0.12509 0.157373 0.436322 0.147868 0.437678
0 0.252474 0.601389 0.0236979 0.662037 0.133115 0.128365 0.142156 0.123618 0.143916 0.436901 0.134727 0.439809
0 0.896094 0.681481 0.0276042 0.550926 0.485004 0.190122 0.496429 0.187533 0.49252 0.443545 0.484661 0.442927
0 0.516667 0.624074 0.0177083 0.652778 0.281806 0.136206 0.288943 0.136759 0.287518 0.43538 0.279692 0.437849
0 0.797656 0.653935 0.0177083 0.605093 0.427674 0.160154 0.435771 0.160751 0.433761 0.442436 0.425361 0.440636
0 0.53763 0.627083 0.0263021 0.649537 0.293791 0.138335 0.303131 0.137769 0.301623 0.436092 0.292311 0.438686
0 0.367708 0.619907 0.0307292 0.651852 0.196289 0.137327 0.206948 0.133043 0.20834 0.433257 0.197519 0.435448
0 0.873568 0.681481 0.0195313 0.553704 0.468964 0.190254 0.479413 0.187791 0.476874 0.444434 0.468558 0.44456
0 0.233073 0.6 0.0197917 0.663889 0.12361 0.118234 0.13108 0.114797 0.132801 0.43386 0.124991 0.435322
0 0.442188 0.619444 0.0171875 0.652778 0.242627 0.138126 0.249319 0.138221 0.248948 0.437458 0.241666 0.439332
0 0.411198 0.622917 0.0161458 0.643981 0.22197 0.139133 0.229613 0.138563 0.229939 0.438251 0.221809 0.439584
0 0.0839844 0.578009 0.0236979 0.666204 0.0355481 0.101922 0.0443866 0.0988403 0.0462155 0.432858 0.0391376 0.430735
0 0.626432 0.625 0.0184896 0.647222 0.342366 0.135886 0.349556 0.137289 0.348632 0.436094 0.339913 0.437489
0 0.608724 0.621991 0.0210938 0.656944 0.334172 0.137597 0.341997 0.138092 0.340507 0.438056 0.331571 0.439245
0 0.49987 0.621065 0.0195313 0.656944 0.272447 0.135547 0.281161 0.134193 0.280201 0.437227 0.271463 0.438073
0 0.426172 0.619213 0.0169271 0.651389 0.231831 0.138225 0.239203 0.138111 0.23986 0.438782 0.231636 0.440921
0 0.846484 0.674769 0.0283854 0.571759 0.45364 0.18684 0.464001 0.185178 0.460926 0.444292 0.452542 0.443246
0 0.460938 0.619907 0.01875 0.655556 0.249887 0.137308 0.258513 0.136292 0.258167 0.438142 0.249377 0.439479
0 0.392708 0.624074 0.021875 0.641667 0.213194 0.13951 0.220552 0.139149 0.220834 0.435991 0.213349 0.437586
0 0.752604 0.628935 0.0171875 0.646759 0.40686 0.143956 0.413243 0.146025 0.411585 0.437157 0.403426 0.435814
0 0.641797 0.625231 0.0164063 0.646759 0.354157 0.136066 0.360652 0.137633 0.3587 0.435113 0.350988 0.435883
0 0.0648438 0.578009 0.0260417 0.666204 0.0269353 0.101096 0.0357777 0.0976451 0.0379153 0.435053 0.0307734 0.433676
0 0.196615 0.599769 0.0234375 0.665278 0.10146 0.111559 0.110213 0.10689 0.111918 0.432955 0.103563 0.433616
0 0.214714 0.599537 0.0216146 0.664815 0.112382 0.114289 0.1206 0.110214 0.122546 0.434492 0.114396 0.436389
0 0.660807 0.625 0.0195313 0.649074 0.362423 0.13711 0.370682 0.137658 0.368822 0.435905 0.359644 0.436367
0 0.73763 0.626389 0.0169271 0.652778 0.400327 0.13659 0.407323 0.137824 0.406543 0.438071 0.397246 0.43688
0 0.776302 0.643981 0.0197917 0.623148 0.415282 0.149294 0.423298 0.150428 0.420939 0.4395 0.412663 0.438772
0 0.180469 0.579167 0.0208333 0.663889 0.0900851 0.108031 0.0984805 0.104981 0.0997026 0.434091 0.0921475 0.4349
0 0.116797 0.578241 0.0200521 0.665741 0.0543228 0.104951 0.0627771 0.102281 0.0643041 0.431978 0.0570105 0.430879
0 0.0451823 0.578009 0.0221354 0.666204 0.0190751 0.104003 0.0268382 0.103378 0.0290598 0.436506 0.0233987 0.433555
0 0.813932 0.670602 0.0164063 0.578241 0.434937 0.176611 0.444083 0.175923 0.441859 0.44467 0.433588 0.443714
0 0.101432 0.578009 0.0210938 0.666204 0.0447265 0.102928 0.0534908 0.0991476 0.0553049 0.432683 0.0477008 0.432199
0 0.676432 0.621759 0.0158854 0.65463 0.368992 0.133588 0.375513 0.135821 0.374235 0.435111 0.365811 0.436115
0 0.576172 0.622685 0.0164063 0.657407 0.317011 0.137782 0.323673 0.139796 0.322667 0.438831 0.314564 0.441054
0 0.590755 0.621528 0.0164063 0.658796 0.32771 0.137145 0.334152 0.13878 0.332458 0.438338 0.324959 0.438836
0 0.148438 0.578472 0.0197917 0.665278 0.0725563 0.110085 0.0815345 0.106716 0.082839 0.435291 0.0752659 0.434803
0 0.132682 0.578241 0.0200521 0.665741 0.0627654 0.107084 0.0708955 0.104407 0.0722805 0.432803 0.0652315 0.432113
0 0.163932 0.578472 0.0205729 0.665278 0.0810982 0.10805 0.0898464 0.104553 0.0914025 0.435349 0.0835243 0.436151
0 0.91901 0.683102 0.0208333 0.543981 0.497042 0.182537 0.506876 0.181826 0.502822 0.441983 0.497155 0.442338
0 0.689844 0.621528 0.015625 0.656944 0.378599 0.134035 0.384951 0.135921 0.383509 0.436521 0.375307 0.435886
0 0.707813 0.622454 0.01875 0.656944 0.386288 0.132514 0.392657 0.134597 0.390768 0.437895 0.382665 0.437884
0 0.724479 0.624306 0.015625 0.655093 0.392619 0.131177 0.399772 0.132725 0.398212 0.438896 0.389285 0.438544
0 0.937891 0.646991 0.0195313 0.616204 0.503039 0.166319 0.512791 0.166147 0.509027 0.439615 0.501683 0.438995
0 0.0264323 0.577546 0.0221354 0.666204 0.0113901 0.0947321 0.0187169 0.0944717 0.0210787 0.435186 0.0158137 0.433477
0 0.826823 0.673148 0.0145833 0.573148 0.443306 0.17845 0.450523 0.180147 0.447406 0.441545 0.441106 0.440951
