0 0.108724 0.680787 0.0367188 0.49213 0.0461154 0.201395 0.0576908 0.197872 0.0590128 0.42424 0.0485375 0.426446
0 0.253385 0.696528 0.0364583 0.484722 0.126983 0.211415 0.139798 0.205989 0.141884 0.434306 0.129465 0.435113
0 0.167057 0.692824 0.0299479 0.483796 0.0774645 0.210197 0.0895198 0.206502 0.0915067 0.429753 0.0802492 0.431442
0 0.194401 0.692824 0.0278646 0.4875 0.0950068 0.205026 0.105303 0.202599 0.106516 0.430541 0.0971993 0.432074
0 0.221224 0.67662 0.0268229 0.522685 0.11174 0.195269 0.122605 0.193256 0.123586 0.429635 0.113656 0.430214
0 0.426823 0.689583 0.0364583 0.521759 0.219617 0.205132 0.232282 0.200561 0.233472 0.435139 0.220934 0.43543
0 0.339583 0.709722 0.0385417 0.472222 0.176428 0.22842 0.188524 0.224197 0.190191 0.437804 0.178238 0.438415
0 0.545313 0.722222 0.046875 0.466667 0.285978 0.239067 0.2993 0.23375 0.299514 0.447119 0.286615 0.44609
0 0.394401 0.684491 0.0434896 0.524537 0.207402 0.208341 0.219365 0.204113 0.220634 0.436642 0.209094 0.43638
0 0.078776 0.670833 0.0320313 0.509259 0.0316747 0.199232 0.0429243 0.196137 0.0451697 0.423284 0.0343455 0.42759
0 0.508594 0.71088 0.0473958 0.480093 0.265958 0.230927 0.278478 0.22644 0.279011 0.438857 0.266336 0.438716
0 0.757813 0.705556 0.0395833 0.475926 0.403081 0.230881 0.413988 0.229001 0.412224 0.43827 0.402786 0.439406
0 0.138281 0.688426 0.0317708 0.488889 0.0633598 0.205348 0.0742251 0.202772 0.0761461 0.428185 0.0656551 0.430191
0 0.610938 0.718981 0.0416667 0.466667 0.319274 0.229162 0.331174 0.224987 0.330358 0.439042 0.319454 0.442442
0 0.304688 0.68912 0.028125 0.505093 0.155379 0.207751 0.165953 0.207517 0.167382 0.432703 0.156949 0.432809
0 0.643229 0.702546 0.0463542 0.498611 0.337733 0.224207 0.350293 0.219582 0.34961 0.437298 0.33729 0.439105
0 0.578516 0.721296 0.0393229 0.462037 0.303722 0.236615 0.315993 0.232679 0.315751 0.444128 0.304045 0.445105
0 0.0514323 0.690278 0.0299479 0.468518 0.0173599 0.209364 0.0272309 0.207931 0.0299919 0.42606 0.0199203 0.430632
0 0.734505 0.692593 0.0351562 0.50463 0.391911 0.207846 0.402625 0.204919 0.400656 0.434611 0.390889 0.435697
0 0.909896 0.687037 0.0380208 0.472222 0.512797 0.213835 0.523966 0.211416 0.521286 0.426508 0.512906 0.427691
0 0.28151 0.684954 0.0229167 0.506944 0.144948 0.206629 0.154446 0.207674 0.155374 0.431658 0.146207 0.432232
0 0.863542 0.677546 0.034375 0.495833 0.479913 0.2034 0.489767 0.202042 0.488032 0.428195 0.479186 0.42925
0 0.684635 0.720139 0.0348958 0.461574 0.363484 0.228411 0.373581 0.226923 0.372442 0.44457 0.362805 0.445756
0 0.779037 0.729167 0.0283854 0.419444 0.411763 0.235646 0.420934 0.235761 0.419372 0.432214 0.411308 0.435086
0 0.367839 0.69537 0.0252604 0.497222 0.189858 0.209874 0.199885 0.207435 0.200307 0.43048 0.190938 0.430721
0 0.708333 0.689352 0.0244792 0.518519 0.378024 0.212349 0.386798 0.210232 0.385143 0.436111 0.377072 0.437989
0 0.808333 0.699768 0.0338542 0.469907 0.433752 0.222244 0.44395 0.219389 0.441879 0.432843 0.433564 0.43432
0 0.884505 0.680556 0.0294271 0.488889 0.492835 0.206034 0.502188 0.20493 0.499791 0.426809 0.492458 0.428403
0 0.839193 0.656018 0.0304688 0.549074 0.463736 0.184742 0.47377 0.184517 0.470789 0.424152 0.462957 0.424406
0 0.927865 0.69213 0.0401042 0.460185 0.5243 0.214703 0.535722 0.212854 0.533373 0.425899 0.524785 0.427501
0 0.460938 0.708565 0.0442708 0.476389 0.23969 0.225064 0.25113 0.222527 0.251483 0.436853 0.240256 0.43576
0 0.869271 0.677083 0.0276042 0.504167 0.484558 0.18869 0.492776 0.191928 0.494842 0.432405 0.485069 0.429534
0 0.95013 0.687963 0.0414063 0.467593 0.538375 0.213904 0.551172 0.21064 0.54934 0.433588 0.539429 0.43431
0 0.834115 0.692593 0.0354167 0.481481 0.455345 0.214089 0.464116 0.214156 0.462474 0.430237 0.45452 0.432531
0 0.476693 0.716667 0.0434896 0.472222 0.250228 0.235364 0.26184 0.230866 0.262271 0.43569 0.250644 0.436922
