0 0.443229 0.711111 0.0489583 0.509259 0.219636 0.219415 0.233386 0.212478 0.235045 0.448502 0.220828 0.448446
0 0.116276 0.708102 0.0268229 0.48287 0.0458479 0.229147 0.0570781 0.227435 0.0589739 0.4444 0.0480352 0.448019
0 0.181901 0.713194 0.0273438 0.484722 0.0810609 0.226473 0.0919537 0.225178 0.093212 0.445588 0.0829174 0.447092
0 0.528125 0.72037 0.028125 0.485185 0.265062 0.222355 0.275739 0.220222 0.275123 0.445002 0.265049 0.445662
0 0.495052 0.710417 0.0473958 0.505093 0.247704 0.218563 0.260916 0.212075 0.261552 0.445485 0.248103 0.445951
0 0.204036 0.71713 0.0184896 0.480556 0.0949028 0.230089 0.103962 0.23031 0.104898 0.448696 0.0960443 0.450516
0 0.244531 0.719676 0.0197917 0.48287 0.119523 0.230598 0.128402 0.229944 0.129501 0.450406 0.120641 0.451872
0 0.691406 0.713657 0.028125 0.484722 0.357007 0.224508 0.367016 0.221974 0.365693 0.442259 0.356278 0.444506
0 0.26224 0.719444 0.01875 0.483333 0.12691 0.228546 0.136373 0.228348 0.137116 0.450314 0.12819 0.450297
0 0.33138 0.721528 0.0221354 0.483796 0.163621 0.229635 0.172952 0.229139 0.173706 0.452549 0.164606 0.452294
0 0.157943 0.715046 0.0200521 0.480093 0.070595 0.230686 0.0801507 0.231459 0.0813573 0.445002 0.0720771 0.44797
0 0.0945313 0.709028 0.0213542 0.479167 0.0368557 0.227819 0.0467694 0.227895 0.0478941 0.443484 0.0384144 0.448267
0 0.311458 0.720602 0.0213542 0.483796 0.153856 0.227664 0.163232 0.227042 0.164054 0.450623 0.155045 0.450542
0 0.0536458 0.709028 0.0213542 0.478241 0.0159105 0.227765 0.025017 0.226859 0.0265445 0.44496 0.0179879 0.449297
0 0.386068 0.725 0.0169271 0.480556 0.193654 0.224995 0.202348 0.225183 0.203034 0.447527 0.194214 0.446918
0 0.40651 0.721528 0.0260417 0.49213 0.204583 0.227519 0.214641 0.224495 0.215261 0.445645 0.204711 0.445506
0 0.767318 0.694907 0.0283854 0.496296 0.398935 0.212252 0.408119 0.210986 0.407042 0.429744 0.398018 0.432812
0 0.224479 0.717361 0.0229167 0.481944 0.106187 0.227791 0.116705 0.227176 0.118402 0.449603 0.108325 0.451825
0 0.791667 0.686111 0.0239583 0.50463 0.417725 0.203597 0.427229 0.201945 0.425309 0.430155 0.416779 0.432037
0 0.572266 0.723843 0.0283854 0.483796 0.292849 0.227199 0.302499 0.224901 0.302306 0.445899 0.292263 0.446665
0 0.54974 0.722454 0.028125 0.483796 0.279967 0.227635 0.290505 0.225418 0.289765 0.446699 0.279747 0.448846
0 0.350651 0.722454 0.0205729 0.483796 0.17352 0.227781 0.183135 0.227315 0.184348 0.450904 0.174669 0.451276
0 0.811849 0.694444 0.0205729 0.485185 0.433983 0.212424 0.443114 0.211529 0.441127 0.431423 0.433171 0.432227
0 0.0339844 0.68125 0.0216146 0.529167 0.00911779 0.202126 0.0162793 0.202207 0.0190853 0.432118 0.0120819 0.432614
0 0.71263 0.7125 0.0263021 0.482407 0.366908 0.224955 0.375715 0.224293 0.374361 0.439631 0.365854 0.441359
0 0.737891 0.710417 0.0268229 0.472685 0.382736 0.222444 0.391459 0.222156 0.390071 0.434195 0.381788 0.436772
0 0.923828 0.690046 0.0294271 0.481019 0.49891 0.207583 0.510622 0.205172 0.50813 0.426764 0.499481 0.427294
0 0.369141 0.724769 0.0210938 0.481019 0.183917 0.228781 0.193106 0.228298 0.193636 0.4519 0.18485 0.451071
0 0.137891 0.713657 0.0195313 0.478241 0.0586437 0.228837 0.0694423 0.228937 0.0708517 0.444809 0.0608096 0.448095
0 0.292839 0.72037 0.0195313 0.482407 0.14358 0.228418 0.152602 0.228735 0.153115 0.453757 0.144833 0.453353
0 0.0740885 0.711574 0.0242188 0.466667 0.0283676 0.231754 0.0373701 0.230966 0.0384953 0.445697 0.030517 0.447962
0 0.670964 0.71713 0.0210938 0.481481 0.347178 0.22313 0.355766 0.222858 0.354468 0.449196 0.346168 0.450336
0 0.278125 0.719444 0.0177083 0.482407 0.134527 0.227752 0.143692 0.228665 0.144411 0.452349 0.135879 0.452684
0 0.863672 0.707407 0.0226563 0.442593 0.46624 0.225008 0.477173 0.223648 0.474717 0.428357 0.466915 0.431211
0 0.621094 0.707176 0.0234375 0.505093 0.318013 0.212326 0.327609 0.210339 0.325632 0.442531 0.316637 0.442989
0 0.639063 0.702083 0.021875 0.515278 0.331074 0.210042 0.34022 0.208507 0.337833 0.444211 0.329754 0.444974
0 0.845443 0.709259 0.0200521 0.44537 0.460177 0.227121 0.468682 0.227704 0.466108 0.430711 0.459815 0.43258
0 0.653646 0.713889 0.0203125 0.489815 0.338636 0.218925 0.346815 0.219684 0.345859 0.44948 0.337543 0.450588
0 0.0173177 0.672222 0.0190104 0.549074 0 0.19385 0.00238008 0.194228 0.00536307 0.429475 0 0.430868
0 0.828646 0.706944 0.01875 0.452778 0.450198 0.221567 0.458399 0.222427 0.456531 0.429308 0.4498 0.431554
0 0.597526 0.724306 0.0190104 0.480093 0.308788 0.227889 0.317376 0.228135 0.316783 0.4511 0.308292 0.451249
0 0.891016 0.700463 0.0367188 0.456481 0.481906 0.220874 0.494107 0.218054 0.491817 0.429204 0.482717 0.430824
0 0.732552 0.713426 0.0234375 0.478704 0.381966 0.215046 0.391177 0.214397 0.389456 0.435963 0.380753 0.435112
