0 0.307943 0.645602 0.0252604 0.649537 0.162533 0.153354 0.171684 0.15006 0.173137 0.447789 0.163633 0.449365
0 0.580339 0.643981 0.0351562 0.638889 0.311652 0.155492 0.322349 0.153962 0.321681 0.444645 0.310469 0.44599
0 0.194271 0.645833 0.0197917 0.639815 0.0989878 0.147663 0.106043 0.145474 0.107651 0.445018 0.100106 0.446202
0 0.380469 0.642593 0.0213542 0.650926 0.203813 0.148414 0.210977 0.147929 0.211606 0.446757 0.203721 0.449228
0 0.285547 0.645139 0.0221354 0.651389 0.15079 0.15225 0.159714 0.148931 0.161405 0.447813 0.152161 0.449544
0 0.447917 0.639815 0.021875 0.65 0.240205 0.148872 0.249289 0.147686 0.249513 0.447308 0.239885 0.44912
0 0.424219 0.640046 0.0270833 0.652315 0.226177 0.148021 0.235721 0.14546 0.236491 0.446763 0.226557 0.448189
0 0.530339 0.64375 0.0221354 0.640278 0.284364 0.148196 0.291546 0.149773 0.290164 0.446956 0.282359 0.448783
0 0.263021 0.64375 0.0208333 0.653241 0.137111 0.149981 0.146346 0.146049 0.147989 0.446954 0.138844 0.449421
0 0.154427 0.638426 0.0229167 0.647222 0.0738361 0.134347 0.0810173 0.131658 0.0829546 0.442887 0.0753161 0.443945
0 0.401302 0.640046 0.0223958 0.651389 0.214751 0.149115 0.223545 0.147775 0.224022 0.446888 0.215036 0.449498
0 0.342839 0.64375 0.0195313 0.649537 0.184548 0.150873 0.191515 0.149938 0.192294 0.447571 0.185023 0.448962
0 0.24401 0.645139 0.0203125 0.648611 0.128433 0.149981 0.135652 0.147834 0.137027 0.448969 0.129605 0.450196
0 0.552734 0.640278 0.0221354 0.646296 0.29937 0.150043 0.307582 0.151139 0.306423 0.445306 0.297689 0.447401
0 0.327083 0.643981 0.0171875 0.649074 0.173799 0.151123 0.181298 0.150399 0.182603 0.448162 0.174665 0.450729
0 0.2125 0.646065 0.0166667 0.643981 0.108665 0.149913 0.116866 0.147333 0.118215 0.445979 0.110341 0.446539
0 0.361198 0.64375 0.0208333 0.651389 0.192958 0.151589 0.201718 0.149503 0.202749 0.448293 0.193889 0.449747
0 0.226953 0.644676 0.0158854 0.646759 0.11831 0.148849 0.12563 0.147014 0.127339 0.449056 0.11964 0.451067
0 0.17487 0.643056 0.0179688 0.639815 0.0850722 0.141955 0.0936779 0.138991 0.0955953 0.443222 0.0871503 0.445332
0 0.670833 0.647222 0.0197917 0.618519 0.36264 0.151665 0.370115 0.152475 0.367824 0.437885 0.359869 0.43854
0 0.467708 0.640972 0.0197917 0.646759 0.24949 0.148103 0.256654 0.149503 0.256525 0.450018 0.248416 0.451805
0 0.497786 0.644676 0.0179688 0.641204 0.266312 0.1495 0.274169 0.150663 0.273556 0.450685 0.26528 0.452384
0 0.0800781 0.6 0.0216146 0.665741 0.0316054 0.100477 0.0393989 0.0981761 0.0414196 0.436211 0.0346153 0.434539
0 0.6875 0.648611 0.0182292 0.614815 0.37067 0.151593 0.379132 0.152324 0.376895 0.436447 0.36811 0.436976
0 0.513281 0.644907 0.0171875 0.637963 0.274614 0.150721 0.282458 0.151457 0.282109 0.449333 0.273415 0.450439
0 0.0979167 0.621991 0.0197917 0.665278 0.0423258 0.109897 0.0505799 0.107212 0.0520779 0.439494 0.0452633 0.43808
0 0.116276 0.6 0.0231771 0.665741 0.052917 0.104607 0.0610164 0.101122 0.0631366 0.438497 0.0556038 0.437606
0 0.135807 0.621991 0.0190104 0.665278 0.0630004 0.115704 0.0713241 0.112765 0.0731477 0.438279 0.0653968 0.437722
0 0.706901 0.648148 0.0226563 0.616667 0.383402 0.154814 0.390919 0.156184 0.389388 0.4379 0.380679 0.438028
0 0.616406 0.638889 0.0213542 0.640741 0.3319 0.147365 0.339281 0.148942 0.337812 0.442179 0.329446 0.442842
0 0.0623698 0.578009 0.0205729 0.666204 0.0231589 0.0999372 0.0322586 0.0969905 0.0340855 0.438792 0.0271692 0.437087
0 0.483464 0.643056 0.0148438 0.64537 0.25802 0.148196 0.26497 0.149945 0.264093 0.450407 0.256803 0.451593
0 0.651953 0.644907 0.0190104 0.624074 0.355077 0.151219 0.362379 0.152852 0.361114 0.439976 0.352594 0.440355
0 0.0472656 0.577778 0.0184896 0.665741 0.0162959 0.0968165 0.0243115 0.0967651 0.0260405 0.438897 0.0210072 0.435799
0 0.602083 0.642824 0.0192708 0.636574 0.325982 0.153629 0.333516 0.155851 0.332314 0.444517 0.323788 0.445312
0 0.735938 0.650694 0.0307292 0.609722 0.39561 0.159256 0.404771 0.159247 0.40299 0.436768 0.39312 0.436334
0 0.629557 0.638657 0.0158854 0.639352 0.339723 0.146042 0.346481 0.148628 0.344561 0.440133 0.336889 0.441351
0 0.035026 0.577546 0.0158854 0.665278 0.0101261 0.0869852 0.0178163 0.0876122 0.0194141 0.437909 0.0152837 0.435497
0 0.0235677 0.53287 0.0143229 0.662037 0 0.0883201 0.00678951 0.0906774 0.00785992 0.427739 0.00292915 0.426545
0 0.010026 0.532407 0.0153646 0.661111 0 0.208866 0 0.212695 0 0.448625 0 0.449864
0 0.0108073 0.621759 0.0158854 0.664815 0 0.250813 0 0.253765 0.00153969 0.491113 0 0.494856
0 0.0230469 0.621991 0.0169271 0.666204 0 0.101894 0.00647305 0.102764 0.00893268 0.446646 0.0043366 0.447093
0 0.723568 0.648843 0.0216146 0.616204 0.391622 0.158572 0.39957 0.159543 0.397458 0.437309 0.389038 0.436803
