0 0.329688 0.658796 0.0333333 0.54537 0.174912 0.18036 0.186479 0.175646 0.188258 0.429363 0.176841 0.429835
0 0.171094 0.651157 0.0239583 0.540278 0.0851572 0.179673 0.0949529 0.176796 0.0959267 0.421987 0.0870401 0.422788
0 0.473047 0.691204 0.0190104 0.492593 0.253041 0.206603 0.262545 0.204411 0.263272 0.431393 0.253244 0.430098
0 0.146875 0.64838 0.025 0.543056 0.0734651 0.179496 0.0829147 0.177393 0.0839333 0.421974 0.0754087 0.423273
0 0.359505 0.660648 0.0221354 0.540741 0.192568 0.181698 0.201804 0.179429 0.202477 0.427766 0.193399 0.42669
0 0.216797 0.653009 0.0252604 0.540278 0.113356 0.182146 0.123121 0.179393 0.124526 0.425644 0.115152 0.42719
0 0.123568 0.648843 0.0242188 0.541204 0.0607184 0.17958 0.0701576 0.178046 0.0710379 0.420325 0.0628933 0.421797
0 0.635026 0.70625 0.0278646 0.48287 0.342491 0.21318 0.35276 0.20945 0.351807 0.431935 0.341799 0.433274
0 0.0945313 0.646528 0.034375 0.54213 0.0437617 0.172305 0.0534756 0.169309 0.0552397 0.417698 0.0463035 0.418673
0 0.19375 0.651157 0.0229167 0.539352 0.0981084 0.178887 0.106606 0.175241 0.107821 0.419294 0.0994227 0.420851
0 0.678385 0.709954 0.0265625 0.485648 0.36317 0.217128 0.373473 0.213933 0.37203 0.433856 0.362505 0.436581
0 0.493099 0.695139 0.0205729 0.485648 0.266182 0.20971 0.274212 0.208981 0.274325 0.431344 0.265599 0.431022
0 0.398698 0.673611 0.0171875 0.518519 0.21572 0.187511 0.224283 0.185678 0.224769 0.42668 0.216281 0.425584
0 0.280208 0.656713 0.0234375 0.539352 0.148683 0.180564 0.157373 0.178248 0.158625 0.426669 0.149843 0.427706
0 0.540885 0.696991 0.0276042 0.48287 0.293213 0.214172 0.303442 0.211274 0.303278 0.431568 0.293153 0.431787
0 0.657161 0.70787 0.0309896 0.486111 0.355173 0.217335 0.365712 0.213753 0.364789 0.433907 0.354491 0.435716
0 0.564453 0.69838 0.0231771 0.481019 0.301683 0.211518 0.312353 0.208257 0.311778 0.429773 0.301698 0.431071
0 0.451042 0.684491 0.0229167 0.504167 0.240837 0.205996 0.250706 0.204035 0.251619 0.432158 0.241373 0.43258
0 0.702474 0.709954 0.0294271 0.484722 0.378789 0.221794 0.390008 0.217739 0.388754 0.436894 0.378283 0.438989
0 0.380469 0.668981 0.01875 0.527778 0.204608 0.183758 0.212125 0.182537 0.21259 0.425958 0.204691 0.426286
0 0.301563 0.658796 0.021875 0.540741 0.160348 0.181891 0.169813 0.17948 0.171177 0.429203 0.161764 0.430711
0 0.044401 0.619907 0.0268229 0.59537 0.0200715 0.147556 0.0278401 0.145748 0.0299426 0.427427 0.0235593 0.428079
0 0.613151 0.705324 0.0278646 0.481019 0.329336 0.214615 0.340477 0.210487 0.339296 0.43288 0.328972 0.434524
0 0.0673177 0.633333 0.0216146 0.563889 0.0300975 0.161173 0.0380808 0.159516 0.0399228 0.418368 0.0326808 0.419437
0 0.841667 0.72338 0.0265625 0.464352 0.457914 0.231345 0.468268 0.229765 0.466543 0.43899 0.458126 0.441182
0 0.940495 0.741898 0.0304688 0.4625 0.508035 0.237766 0.521446 0.233921 0.518655 0.449929 0.509574 0.45213
0 0.895182 0.741435 0.0252604 0.451389 0.484638 0.235714 0.495766 0.234337 0.493284 0.445739 0.485234 0.447004
0 0.588802 0.70162 0.0260417 0.479167 0.318272 0.213861 0.328832 0.210701 0.327986 0.432102 0.318009 0.433415
0 0.81849 0.719907 0.0234375 0.467593 0.440903 0.225081 0.450169 0.224076 0.448116 0.436724 0.440546 0.439293
0 0.259896 0.654167 0.0182292 0.537037 0.137359 0.180879 0.145714 0.177649 0.146982 0.422599 0.138326 0.423642
0 0.734505 0.709028 0.0377604 0.484722 0.392776 0.218461 0.403066 0.216274 0.401766 0.433569 0.391826 0.435542
0 0.416146 0.678472 0.01875 0.5125 0.224525 0.193717 0.232311 0.192438 0.23329 0.427937 0.224729 0.427699
0 0.514193 0.694676 0.0216146 0.486574 0.275517 0.210197 0.285683 0.20779 0.28598 0.429143 0.275631 0.430071
0 0.239844 0.653472 0.021875 0.540278 0.126983 0.180118 0.13683 0.177698 0.137839 0.427167 0.128846 0.428714
0 0.799349 0.722222 0.0205729 0.462037 0.423833 0.227049 0.432568 0.226325 0.430607 0.43461 0.423709 0.436993
0 0.916406 0.74375 0.0244792 0.452315 0.496868 0.240048 0.508306 0.237554 0.505723 0.449447 0.497699 0.451373
0 0.43138 0.680093 0.0169271 0.509259 0.233595 0.199369 0.241154 0.199784 0.241618 0.4302 0.233669 0.429724
0 0.86849 0.731713 0.0276042 0.456944 0.468978 0.234455 0.480039 0.232535 0.4782 0.442838 0.46946 0.444456
0 0.974089 0.732639 0.0507813 0.491204 0.51367 0.220142 0.531425 0.220871 0.52755 0.44378 0.515225 0.444137
0 0.778646 0.723148 0.0276042 0.461111 0.41026 0.229635 0.418857 0.228588 0.417173 0.43735 0.409828 0.439663
0 0.0220052 0.611574 0.0216146 0.612963 0.00334106 0.140945 0.00943483 0.141426 0.012764 0.427713 0.00610254 0.42847
0 0.770313 0.719907 0.021875 0.464815 0.409191 0.216459 0.419113 0.21562 0.416978 0.4266 0.408956 0.425518
0 0.783854 0.721991 0.0197917 0.460648 0.412704 0.21553 0.422345 0.215183 0.419728 0.425291 0.412469 0.425362
0 0.75599 0.716435 0.0197917 0.469907 0.408104 0.220714 0.417397 0.221622 0.415253 0.430837 0.407738 0.430691
