0 0.80013 0.65162 0.0372396 0.611574 0.42101 0.16569 0.431231 0.165577 0.428234 0.441673 0.419501 0.440481
0 0.080599 0.577778 0.0330729 0.666667 0.0291464 0.092849 0.0398104 0.0873299 0.0418037 0.428072 0.0328964 0.427346
0 0.298438 0.6 0.0255208 0.665741 0.155071 0.102068 0.1639 0.0983172 0.165264 0.431003 0.15597 0.432828
0 0.696745 0.624074 0.0309896 0.662037 0.366274 0.130187 0.374988 0.130146 0.373633 0.442184 0.362954 0.441822
0 0.379297 0.6 0.0247396 0.665741 0.197799 0.102736 0.205309 0.101395 0.206086 0.431033 0.197992 0.434229
0 0.55651 0.621991 0.0229167 0.665278 0.298686 0.111783 0.305039 0.113573 0.303769 0.436389 0.295575 0.438801
0 0.271875 0.577778 0.028125 0.665741 0.13761 0.105613 0.147145 0.10155 0.148041 0.430836 0.139036 0.434912
0 0.11224 0.578009 0.0286458 0.666204 0.0476397 0.101607 0.0566976 0.0979698 0.0579771 0.429708 0.0504456 0.427899
0 0.502474 0.599769 0.0325521 0.666204 0.266219 0.106361 0.27547 0.105635 0.275377 0.434762 0.265123 0.437074
0 0.0494792 0.578009 0.0328125 0.666204 0.0170703 0.0926815 0.0256006 0.0906783 0.0271959 0.426755 0.0214911 0.424072
0 0.47487 0.6 0.0268229 0.665741 0.249564 0.105812 0.258297 0.104983 0.257289 0.431293 0.248369 0.434896
0 0.424089 0.578009 0.0304688 0.665278 0.221289 0.111135 0.230832 0.109521 0.229925 0.43113 0.220834 0.43535
0 0.228906 0.6 0.0317708 0.665741 0.115012 0.101871 0.125251 0.0955717 0.127649 0.43662 0.117135 0.439412
0 0.354948 0.578009 0.0291667 0.666204 0.184114 0.108634 0.193748 0.105851 0.194564 0.433134 0.184861 0.437011
0 0.577214 0.621991 0.0231771 0.665278 0.30703 0.115104 0.315275 0.116174 0.314386 0.438399 0.304826 0.440563
0 0.136849 0.578009 0.0205729 0.666204 0.0622924 0.0998118 0.0711518 0.0969656 0.072604 0.432809 0.0647038 0.432212
0 0.450521 0.578009 0.0296875 0.665278 0.236996 0.111503 0.245786 0.110924 0.245265 0.43298 0.236028 0.436288
0 0.330859 0.577778 0.0236979 0.665741 0.171527 0.105459 0.179162 0.103992 0.179528 0.432447 0.171944 0.435638
0 0.742318 0.656481 0.0294271 0.606481 0.391881 0.160064 0.401372 0.159268 0.399315 0.446627 0.389921 0.446184
0 0.40013 0.6 0.0216146 0.665741 0.210037 0.105468 0.21821 0.104286 0.218446 0.433465 0.209916 0.436902
0 0.720313 0.631713 0.0255208 0.646759 0.379669 0.140728 0.386871 0.142891 0.385679 0.442725 0.376271 0.441713
0 0.537109 0.599769 0.0210938 0.666204 0.285015 0.104681 0.293166 0.105363 0.292623 0.435339 0.28325 0.437813
0 0.672917 0.622454 0.0213542 0.665278 0.3506 0.124075 0.358463 0.125309 0.357383 0.443577 0.347444 0.443311
0 0.847266 0.640509 0.0263021 0.628241 0.449334 0.158141 0.456188 0.159766 0.453996 0.44318 0.446919 0.441242
0 0.767839 0.655787 0.0424479 0.603241 0.399475 0.166851 0.409744 0.165513 0.408148 0.442401 0.397867 0.441181
0 0.826823 0.640278 0.0276042 0.627778 0.434646 0.159729 0.442217 0.161137 0.439555 0.441647 0.432306 0.44032
0 0.917188 0.622222 0.0390625 0.665741 0.49169 0.0960495 0.497137 0.0993446 0.4962 0.440786 0.486673 0.438969
0 0.207031 0.6 0.0177083 0.664815 0.102734 0.10126 0.10997 0.0985333 0.111991 0.438283 0.104261 0.439716
0 0.61263 0.622222 0.0190104 0.664815 0.322736 0.120527 0.33028 0.121507 0.329458 0.44179 0.320031 0.442732
0 0.657031 0.622454 0.0213542 0.665278 0.345588 0.125635 0.352168 0.127658 0.350463 0.443885 0.34186 0.444393
0 0.952865 0.622222 0.0359375 0.665741 0.511271 0.0850654 0.516299 0.08926 0.515626 0.440206 0.505593 0.437836
0 0.892708 0.623611 0.040625 0.662963 0.478133 0.123719 0.483921 0.126679 0.482322 0.442781 0.474192 0.440808
0 0.0220052 0.53287 0.0299479 0.664815 0 0.0842283 0.00764704 0.0843444 0.00952368 0.41526 0.00328495 0.414167
0 0.640234 0.622222 0.0184896 0.665741 0.338377 0.123703 0.34457 0.126216 0.343379 0.44344 0.33487 0.443568
0 0.627083 0.621991 0.0177083 0.665278 0.329024 0.121512 0.335194 0.1242 0.334116 0.442077 0.325385 0.443034
0 0.595833 0.621991 0.0171875 0.665278 0.320578 0.11875 0.326524 0.121358 0.325509 0.439982 0.317332 0.441448
0 0.865755 0.637037 0.0309896 0.635185 0.459982 0.142642 0.467515 0.144745 0.465677 0.441335 0.457374 0.439682
0 0.980469 0.622222 0.0390625 0.665741 0.509865 0.0803518 0.519336 0.0848715 0.517911 0.435502 0.505141 0.43314
0 0.315625 0.577778 0.0151042 0.665741 0.163095 0.105014 0.170843 0.10379 0.17157 0.433998 0.163613 0.437065
0 0.191667 0.599769 0.0208333 0.665278 0.0940242 0.0983843 0.101817 0.0957223 0.10377 0.439928 0.0959666 0.441368
0 0.251432 0.578009 0.0174479 0.665278 0.127781 0.107497 0.135787 0.104621 0.136656 0.435924 0.129115 0.438901
0 0.523958 0.578472 0.0166667 0.664352 0.27837 0.108678 0.285214 0.109726 0.283752 0.435305 0.275941 0.438787
0 0.173568 0.6 0.0179688 0.664815 0.0826989 0.0974325 0.0907348 0.0946538 0.0927866 0.436425 0.0850728 0.436376
0 0.14974 0.54375 0.0171875 0.643981 0.0713793 0.10046 0.0815171 0.0986607 0.0819081 0.433903 0.0740318 0.433683
0 0.774219 0.6375 0.0427083 0.590741 0.404246 0.158477 0.411897 0.159492 0.41055 0.434696 0.401693 0.433337
0 0.14375 0.6 0.0239583 0.663889 0.0683016 0.0970573 0.0763538 0.0947099 0.0780879 0.434681 0.0707565 0.434279
