0 0.26849 0.622222 0.0244792 0.664815 0.139197 0.126097 0.147109 0.122552 0.148322 0.438366 0.140095 0.440695
0 0.317839 0.624074 0.0330729 0.661111 0.164519 0.138009 0.176545 0.131106 0.178222 0.43947 0.166617 0.441465
0 0.347135 0.624306 0.0296875 0.659722 0.182614 0.138677 0.193012 0.134484 0.19376 0.43757 0.183771 0.439367
0 0.290885 0.624537 0.0255208 0.659259 0.152734 0.134152 0.162067 0.130188 0.163531 0.441505 0.154197 0.444669
0 0.430859 0.62963 0.0283854 0.65 0.226228 0.143078 0.236382 0.14045 0.237042 0.442506 0.226693 0.445023
0 0.405469 0.628009 0.0291667 0.652315 0.213322 0.144167 0.22281 0.142577 0.223676 0.439181 0.213825 0.44177
0 0.567578 0.640972 0.0205729 0.638426 0.303928 0.147465 0.311451 0.148464 0.309623 0.442062 0.30143 0.444208
0 0.461589 0.632639 0.0361979 0.643056 0.242697 0.147024 0.253503 0.143778 0.253104 0.440431 0.242415 0.442325
0 0.528255 0.64213 0.0195313 0.636111 0.281955 0.146857 0.289302 0.147938 0.287983 0.444535 0.28019 0.446714
0 0.177995 0.6 0.0299479 0.665741 0.0848505 0.108911 0.0947414 0.10295 0.0968457 0.439181 0.0873159 0.440992
0 0.510156 0.638657 0.0182292 0.64213 0.270365 0.146144 0.278202 0.146846 0.277611 0.446386 0.268969 0.447883
0 0.24362 0.621759 0.0304688 0.665741 0.124745 0.120385 0.134513 0.114339 0.136217 0.442646 0.126512 0.444529
0 0.610417 0.64213 0.0234375 0.637037 0.327364 0.14847 0.336569 0.148808 0.335275 0.442125 0.325159 0.443334
0 0.588281 0.642593 0.025 0.636111 0.314456 0.147856 0.324156 0.147974 0.322347 0.441573 0.312683 0.443723
0 0.548698 0.642593 0.0213542 0.636111 0.294576 0.147617 0.303615 0.147362 0.302313 0.44413 0.293101 0.445222
0 0.150781 0.6 0.0286458 0.665741 0.0709437 0.10941 0.0800757 0.104031 0.082291 0.440758 0.0732271 0.442018
0 0.379818 0.626852 0.0440104 0.65463 0.199679 0.141917 0.211871 0.135793 0.212874 0.436311 0.20115 0.438568
0 0.222656 0.621991 0.0197917 0.665278 0.112982 0.116283 0.121346 0.112483 0.123065 0.442409 0.114508 0.443524
0 0.719141 0.664583 0.0263021 0.591204 0.381902 0.167022 0.391237 0.165882 0.390134 0.434687 0.379958 0.434411
0 0.203125 0.6 0.025 0.665741 0.100624 0.110927 0.109859 0.10608 0.111668 0.440806 0.102675 0.442575
0 0.635417 0.643981 0.0213542 0.62963 0.339377 0.155109 0.348132 0.15593 0.346434 0.44024 0.336927 0.441035
0 0.0973958 0.6 0.0203125 0.665741 0.0424187 0.104001 0.0506093 0.101425 0.0524779 0.437495 0.0455648 0.435537
0 0.698438 0.665741 0.0197917 0.585185 0.374457 0.17061 0.383484 0.170171 0.381399 0.437267 0.372519 0.437854
0 0.13125 0.6 0.01875 0.665741 0.0610699 0.102852 0.0685695 0.10004 0.0707795 0.437582 0.0633729 0.437084
0 0.078776 0.599769 0.0200521 0.666204 0.0317558 0.101128 0.0394518 0.0988688 0.0415346 0.436821 0.0346986 0.435191
0 0.114974 0.578009 0.0205729 0.666204 0.0504634 0.101572 0.0595962 0.0982867 0.061197 0.441549 0.0535048 0.440958
0 0.679948 0.666667 0.0244792 0.582407 0.363752 0.172876 0.37256 0.172748 0.370122 0.438888 0.361717 0.440042
0 0.657161 0.667593 0.0200521 0.580556 0.353165 0.16973 0.360737 0.170627 0.359316 0.439915 0.350837 0.440546
0 0.046875 0.6 0.0192708 0.665741 0.0159486 0.102504 0.0233941 0.101433 0.0256651 0.440495 0.0203307 0.438169
0 0.0622396 0.578009 0.01875 0.666204 0.0232127 0.104746 0.0320415 0.101988 0.0339448 0.43976 0.0269978 0.438242
0 0.491146 0.6375 0.0192708 0.643519 0.261229 0.145975 0.268649 0.147521 0.267833 0.443997 0.260195 0.445108
0 0.0313802 0.577778 0.0184896 0.665741 0.00927956 0.0982024 0.0170334 0.0983128 0.0189945 0.440273 0.0139709 0.437628
0 0.0152344 0.538657 0.0184896 0.650463 0 0.0964839 0.00373483 0.0985203 0.0052585 0.428907 0 0.427813
0 0.0161458 0.6 0.0223958 0.665741 0 0.100633 0.00310009 0.10104 0.00613211 0.442733 0.000232929 0.441926
