0 0.0721354 0.669444 0.0265625 0.52963 0.0273136 0.191321 0.0370135 0.189382 0.0379602 0.430232 0.0296156 0.43334
0 0.824479 0.666204 0.0489583 0.572222 0.444648 0.180638 0.458392 0.176271 0.456858 0.432369 0.444591 0.431855
0 0.78138 0.700926 0.0445313 0.511111 0.402971 0.201931 0.415994 0.196505 0.413973 0.433953 0.402793 0.435649
0 0.61862 0.703704 0.0242188 0.506481 0.321198 0.217449 0.330523 0.216793 0.329204 0.449954 0.320045 0.451445
0 0.597786 0.713889 0.0283854 0.485185 0.312693 0.225721 0.321847 0.223677 0.320697 0.448108 0.311927 0.449714
0 0.558594 0.734028 0.0260417 0.443056 0.288958 0.239485 0.297961 0.237923 0.297391 0.445629 0.288152 0.446227
0 0.63763 0.708102 0.0257813 0.494907 0.33124 0.219606 0.340793 0.218094 0.339084 0.44321 0.330071 0.444224
0 0.336328 0.694444 0.0356771 0.516667 0.165568 0.21569 0.176368 0.211981 0.177021 0.439782 0.167011 0.440042
0 0.360417 0.720602 0.0322917 0.465278 0.17915 0.227625 0.190079 0.226914 0.1906 0.444876 0.180699 0.444022
0 0.903125 0.704167 0.0223958 0.497222 0.496982 0.216642 0.507409 0.214895 0.505108 0.437898 0.497005 0.440442
0 0.861849 0.712269 0.0210938 0.479167 0.466898 0.207497 0.47699 0.20631 0.475132 0.441325 0.466194 0.441626
0 0.92526 0.712963 0.0223958 0.47963 0.512937 0.213785 0.523627 0.213373 0.520608 0.44164 0.513402 0.443636
0 0.881641 0.711111 0.0200521 0.484259 0.481657 0.219339 0.490942 0.218635 0.488995 0.443887 0.481363 0.446206
0 0.236849 0.708333 0.0283854 0.477778 0.11344 0.224477 0.124203 0.22393 0.125139 0.438115 0.115435 0.439661
0 0.579427 0.725463 0.0192708 0.462963 0.301412 0.234101 0.309787 0.233865 0.308787 0.45161 0.300764 0.453052
0 0.0488281 0.680787 0.0273438 0.504167 0.0165835 0.205907 0.0249365 0.205721 0.0270714 0.432719 0.0193231 0.434057
0 0.280469 0.696991 0.0255208 0.5125 0.136788 0.203493 0.145898 0.201523 0.146646 0.434502 0.138317 0.435827
0 0.0290365 0.69375 0.0210938 0.478241 0.00721004 0.20134 0.0136459 0.201008 0.0165704 0.435378 0.00952369 0.436206
0 0.091276 0.687268 0.0190104 0.495833 0.0376615 0.204179 0.0468097 0.202945 0.0480544 0.431782 0.0394046 0.434162
0 0.311849 0.696296 0.0309896 0.511111 0.153303 0.212322 0.163432 0.209411 0.164298 0.441308 0.15481 0.442005
0 0.358464 0.718518 0.0226563 0.472222 0.180938 0.224173 0.189891 0.222308 0.190186 0.433326 0.181303 0.433703
0 0.374349 0.719444 0.0179688 0.472222 0.192163 0.226368 0.200804 0.224683 0.200838 0.433612 0.19263 0.432981
0 0.386979 0.716435 0.0161458 0.479167 0.200174 0.221708 0.20839 0.22126 0.208279 0.434974 0.200544 0.435706
0 0.719531 0.704398 0.0395833 0.508796 0.3736 0.21579 0.385015 0.213217 0.383793 0.450303 0.372612 0.451088
0 0.654297 0.72037 0.0263021 0.472222 0.345126 0.229333 0.353622 0.229382 0.352981 0.445175 0.344191 0.447141
0 0.943229 0.716667 0.0203125 0.474074 0.526944 0.214533 0.536453 0.214014 0.534043 0.440974 0.527177 0.443623
0 0.264714 0.70625 0.0278646 0.491204 0.129579 0.216917 0.139141 0.218146 0.139819 0.437414 0.131386 0.439126
0 0.685547 0.70463 0.0356771 0.506481 0.356338 0.217277 0.364995 0.216699 0.36353 0.444439 0.354666 0.446929
0 0.216797 0.706713 0.0174479 0.484722 0.10519 0.215719 0.113467 0.214191 0.114358 0.43358 0.106601 0.435004
0 0.426172 0.721991 0.0190104 0.466204 0.214684 0.232374 0.22211 0.234711 0.222568 0.441842 0.214598 0.441765
0 0.39974 0.713194 0.0166667 0.485648 0.207688 0.215653 0.21593 0.215504 0.215869 0.436664 0.20802 0.437171
0 0.752604 0.715046 0.0197917 0.480093 0.393979 0.222361 0.402673 0.222382 0.401067 0.446945 0.392837 0.448922
0 0.964323 0.680787 0.0307292 0.549537 0.532557 0.203 0.542458 0.20041 0.539879 0.444834 0.531953 0.445492
0 0.25026 0.712037 0.0260417 0.47963 0.120685 0.226146 0.130863 0.227522 0.131662 0.445278 0.122565 0.446734
0 0.526302 0.721528 0.0151042 0.468981 0.268652 0.231605 0.276521 0.231303 0.275393 0.444521 0.267788 0.445738
0 0.141667 0.700463 0.0171875 0.473148 0.066146 0.224111 0.0739738 0.221598 0.0750571 0.434439 0.067576 0.435059
0 0.710026 0.700694 0.0257813 0.5125 0.372677 0.210483 0.382221 0.209134 0.379406 0.441645 0.371226 0.44239
0 0.221745 0.707639 0.0169271 0.478241 0.106036 0.226332 0.1162 0.228419 0.116629 0.44394 0.107364 0.445882
0 0.475781 0.720602 0.0208333 0.469907 0.242857 0.230614 0.251331 0.229942 0.250919 0.442671 0.242462 0.443486
0 0.538542 0.728009 0.015625 0.456019 0.277411 0.236129 0.285685 0.235109 0.28381 0.44426 0.276426 0.445892
0 0.127865 0.700926 0.0161458 0.47037 0.0583138 0.223594 0.0659978 0.221204 0.0673107 0.432611 0.0598614 0.433597
0 0.203646 0.706944 0.015625 0.481481 0.0972311 0.219486 0.105316 0.218256 0.106402 0.434415 0.0985757 0.435805
0 0.41237 0.71412 0.0179688 0.48287 0.211681 0.214254 0.22034 0.213897 0.220324 0.438076 0.21193 0.43833
0 0.741536 0.715046 0.0174479 0.485648 0.390157 0.213178 0.398763 0.212419 0.396445 0.442226 0.389095 0.441778
0 0.464063 0.721296 0.0161458 0.469444 0.236929 0.230867 0.244265 0.232294 0.244406 0.441211 0.236485 0.441182
0 0.489714 0.721528 0.0179688 0.468056 0.252972 0.234212 0.261058 0.233974 0.260459 0.4449 0.252466 0.445264
0 0.208073 0.708102 0.015625 0.474537 0.0989974 0.226902 0.108768 0.22985 0.109173 0.443799 0.100203 0.446112
0 0.191406 0.707639 0.0161458 0.476389 0.091 0.220013 0.0991307 0.218678 0.100196 0.433526 0.0924305 0.434799
0 0.105339 0.7 0.0164063 0.468518 0.0450698 0.218471 0.0526915 0.216563 0.0541384 0.432442 0.046543 0.43217
0 0.513542 0.720602 0.015625 0.470833 0.262807 0.231924 0.270979 0.231217 0.269987 0.444276 0.262047 0.445091
0 0.480729 0.722917 0.0197917 0.468981 0.246803 0.228232 0.254311 0.23203 0.253857 0.44938 0.245889 0.448255
0 0.376302 0.717361 0.0270833 0.474537 0.19004 0.235162 0.199371 0.236388 0.19999 0.44722 0.191091 0.447097
0 0.451042 0.721759 0.0161458 0.468518 0.231211 0.235166 0.238281 0.237357 0.238677 0.443721 0.230783 0.443523
0 0.390755 0.717593 0.0184896 0.474074 0.199893 0.230721 0.207435 0.235741 0.206946 0.449328 0.199334 0.447396
0 0.467448 0.722222 0.0192708 0.469444 0.239325 0.228345 0.247195 0.231815 0.246698 0.44838 0.238569 0.446963
0 0.501693 0.721528 0.0169271 0.468981 0.259147 0.235984 0.267061 0.236008 0.266302 0.44643 0.258361 0.446861
0 0.429557 0.722222 0.0184896 0.467593 0.216527 0.226653 0.224094 0.230815 0.223724 0.448075 0.215842 0.446777
0 0.116536 0.701852 0.0158854 0.466667 0.052806 0.222907 0.060525 0.220532 0.0617752 0.431731 0.0544745 0.432085
0 0.385807 0.718287 0.0236979 0.474537 0.198962 0.227306 0.207745 0.226075 0.208166 0.439187 0.199657 0.439346
0 0.541537 0.730093 0.0179688 0.455556 0.280524 0.237812 0.288284 0.240261 0.287532 0.448752 0.279259 0.448256
0 0.155729 0.702778 0.0177083 0.474074 0.0708327 0.220575 0.0788659 0.219398 0.0801338 0.432786 0.0722787 0.4342
0 0.416406 0.720139 0.0177083 0.470833 0.210277 0.228143 0.21803 0.232227 0.217591 0.448171 0.209696 0.446454
0 0.195443 0.708102 0.0148438 0.468981 0.0929707 0.226571 0.102843 0.229646 0.103126 0.442379 0.0942264 0.445152
0 0.179427 0.707176 0.0161458 0.473611 0.0828939 0.218875 0.0910579 0.217414 0.0922213 0.431791 0.0844047 0.433391
0 0.439063 0.722454 0.0166667 0.466204 0.224752 0.23507 0.231826 0.237516 0.232163 0.443492 0.224584 0.443313
0 0.454688 0.722454 0.01875 0.468981 0.232543 0.230135 0.240153 0.234304 0.239821 0.450017 0.231744 0.448488
0 0.398568 0.715741 0.0257813 0.47963 0.205756 0.223779 0.214401 0.222509 0.214693 0.439862 0.206374 0.43988
0 0.49388 0.72338 0.0205729 0.468981 0.255277 0.229225 0.262682 0.233174 0.262248 0.451662 0.254412 0.450274
0 0.465625 0.717824 0.0276042 0.473611 0.237024 0.22577 0.246576 0.223032 0.24581 0.438987 0.23684 0.439878
0 0.403385 0.718056 0.0177083 0.474074 0.205174 0.231774 0.21266 0.236641 0.212311 0.450011 0.204485 0.448195
0 0.167708 0.704861 0.0166667 0.473611 0.0768041 0.21899 0.0851574 0.21729 0.0863157 0.431639 0.078486 0.432926
0 0.659375 0.718518 0.021875 0.474074 0.346879 0.217455 0.355979 0.216818 0.354152 0.434173 0.345733 0.434293
0 0.417057 0.721065 0.0273438 0.468056 0.210609 0.224243 0.219904 0.22164 0.22048 0.440626 0.211106 0.440192
0 0.171224 0.705093 0.0143229 0.468518 0.0782352 0.226066 0.0884989 0.228738 0.0887063 0.439305 0.0795049 0.443099
0 0.529818 0.725231 0.0184896 0.465278 0.270718 0.231845 0.278289 0.235006 0.277711 0.448073 0.269514 0.447519
0 0.26901 0.711806 0.0229167 0.481944 0.133463 0.215086 0.142982 0.218815 0.143193 0.441825 0.134085 0.441398
0 0.183464 0.707176 0.0143229 0.46713 0.0853044 0.225876 0.0952434 0.228917 0.0955678 0.440171 0.0865459 0.443648
0 0.297396 0.696991 0.0255208 0.513426 0.146468 0.202285 0.154932 0.201625 0.155789 0.43371 0.147625 0.434555
0 0.391146 0.713194 0.0296875 0.48287 0.199446 0.232391 0.207913 0.233465 0.208594 0.441914 0.200065 0.441699
0 0.435026 0.720139 0.0205729 0.469907 0.220477 0.218975 0.229285 0.217598 0.228835 0.43626 0.220308 0.436656
0 0.441667 0.721991 0.025 0.465278 0.225544 0.230128 0.23429 0.228766 0.234267 0.441666 0.225644 0.441721
0 0.518099 0.723148 0.0190104 0.469444 0.265028 0.229352 0.272833 0.23242 0.272385 0.450038 0.263952 0.449039
0 0.13151 0.703472 0.015625 0.465278 0.0536521 0.224123 0.063981 0.226254 0.0641686 0.436886 0.0547618 0.442121
0 0.50651 0.723148 0.0197917 0.469444 0.260959 0.230796 0.268322 0.234769 0.267963 0.452707 0.259869 0.451459
0 0.446094 0.721296 0.025 0.464815 0.227792 0.226222 0.236805 0.224115 0.236068 0.439694 0.227722 0.439873
0 0.403385 0.714815 0.028125 0.47963 0.205021 0.229985 0.213758 0.22875 0.214346 0.441994 0.205257 0.441651
0 0.25638 0.709028 0.0382813 0.483796 0.123508 0.217744 0.133623 0.214042 0.134997 0.438244 0.125278 0.439618
