0 0.801953 0.684259 0.0393229 0.500926 0.428403 0.199007 0.441349 0.192955 0.44011 0.431968 0.428598 0.433377
0 0.519661 0.705787 0.0460938 0.461574 0.259313 0.231675 0.273823 0.223198 0.274162 0.433915 0.259812 0.433966
0 0.418099 0.733102 0.0424479 0.439352 0.208866 0.248857 0.222063 0.243203 0.223906 0.442926 0.210405 0.442982
0 0.667708 0.662963 0.0317708 0.550926 0.350242 0.179673 0.36099 0.176196 0.359448 0.432116 0.348876 0.433533
0 0.563542 0.682639 0.0385417 0.500463 0.284784 0.207493 0.298131 0.200916 0.298084 0.428692 0.284731 0.43019
0 0.483203 0.699306 0.0351562 0.484722 0.239161 0.213805 0.251471 0.208111 0.251574 0.431142 0.23941 0.430994
0 0.641667 0.664352 0.0291667 0.54537 0.336023 0.180403 0.346079 0.177679 0.344634 0.430681 0.334664 0.432721
0 0.595573 0.70162 0.0286458 0.461574 0.309969 0.216299 0.320594 0.212509 0.319411 0.429152 0.309394 0.429744
0 0.0971354 0.713657 0.0473958 0.515278 0.0307548 0.215017 0.0436515 0.210514 0.0455731 0.449382 0.0334072 0.451622
0 0.451693 0.70625 0.0304688 0.480093 0.225398 0.223092 0.237407 0.218702 0.238145 0.436221 0.226335 0.436624
0 0.767057 0.699074 0.0330729 0.471296 0.402573 0.213104 0.415215 0.207381 0.413641 0.430242 0.402885 0.432239
0 0.220182 0.723611 0.0236979 0.47963 0.0984572 0.233569 0.109482 0.233114 0.110206 0.449972 0.100243 0.450209
0 0.284896 0.736343 0.0208333 0.45787 0.134793 0.23938 0.144949 0.239306 0.14516 0.450044 0.136299 0.450062
0 0.691016 0.669444 0.0257813 0.536111 0.364229 0.182479 0.374032 0.180096 0.372515 0.432596 0.362974 0.433436
0 0.61862 0.668287 0.0247396 0.53287 0.324221 0.198202 0.332584 0.196216 0.331173 0.427686 0.322822 0.43047
0 0.879297 0.682176 0.0341146 0.500463 0.487314 0.1962 0.499308 0.192164 0.497634 0.429688 0.487593 0.431061
0 0.834896 0.648148 0.0302083 0.571296 0.452339 0.181103 0.462905 0.177773 0.460737 0.430983 0.451011 0.432168
0 0.724479 0.687268 0.0171875 0.497685 0.384802 0.195626 0.394293 0.193743 0.392207 0.431168 0.383334 0.430753
0 0.2375 0.738194 0.0161458 0.452315 0.110172 0.241995 0.119656 0.24229 0.120788 0.451528 0.111691 0.452862
0 0.369271 0.710185 0.0265625 0.496296 0.182792 0.219154 0.192543 0.216329 0.193329 0.437161 0.183883 0.437681
0 0.301172 0.737037 0.0174479 0.457407 0.144259 0.240485 0.153376 0.241891 0.153602 0.450505 0.145287 0.45038
0 0.935938 0.684722 0.0541667 0.5 0.520342 0.195336 0.535726 0.188716 0.534326 0.422661 0.522218 0.424167
0 0.194661 0.716204 0.0309896 0.497222 0.0846711 0.225339 0.095838 0.224391 0.0972589 0.446638 0.0868523 0.447476
0 0.252344 0.737731 0.0182292 0.453241 0.118727 0.244054 0.127676 0.244548 0.128679 0.451542 0.119986 0.452881
0 0.0592448 0.719907 0.0455729 0.508333 0.0129928 0.223737 0.0245009 0.221013 0.0263012 0.449311 0.015521 0.45398
0 0.316927 0.736343 0.0213542 0.45787 0.154589 0.239149 0.16344 0.24009 0.163393 0.448598 0.155513 0.448557
0 0.335677 0.734954 0.0255208 0.456944 0.165527 0.236986 0.175286 0.239217 0.175495 0.446973 0.16646 0.446593
0 0.267708 0.736343 0.0192708 0.45787 0.127576 0.242752 0.136592 0.240534 0.137049 0.446245 0.128688 0.446496
0 0.127604 0.725463 0.0223958 0.485185 0.0480825 0.222589 0.0586384 0.222553 0.0604091 0.442047 0.0501753 0.444866
0 0.708724 0.674769 0.0174479 0.526389 0.37658 0.190148 0.384101 0.190365 0.382436 0.431009 0.374663 0.432485
0 0.160677 0.720833 0.0317708 0.490741 0.0649749 0.228343 0.075865 0.227829 0.0772112 0.444759 0.0669524 0.446398
0 0.350651 0.708333 0.0304688 0.502778 0.173061 0.215986 0.18321 0.213651 0.184296 0.439696 0.174272 0.439848
0 0.394531 0.730093 0.0166667 0.452778 0.199394 0.232689 0.208148 0.23597 0.208315 0.444904 0.199219 0.44253
0 0.391276 0.734028 0.0210938 0.443056 0.197123 0.239392 0.206293 0.238449 0.20681 0.440644 0.197565 0.440938
0 0.857552 0.657639 0.01875 0.551389 0.476293 0.179546 0.484755 0.179276 0.482666 0.429973 0.474796 0.431504
0 0.973698 0.672454 0.0239583 0.506019 0.541138 0.188738 0.552669 0.186366 0.551587 0.436891 0.542106 0.436295
0 0.742969 0.705324 0.0192708 0.463426 0.398698 0.211863 0.408235 0.210343 0.40636 0.426754 0.398048 0.425967
0 0.0294271 0.728704 0.0348958 0.494444 0.00664475 0.218474 0.016404 0.215824 0.0199679 0.451941 0.00952627 0.455579
0 0.746094 0.70625 0.0140625 0.461574 0.399427 0.222313 0.408046 0.221765 0.40658 0.438388 0.398957 0.43972
0 0.147526 0.725231 0.0231771 0.483796 0.0572217 0.229922 0.0677379 0.230011 0.0685426 0.446395 0.0589655 0.448885
0 0.187891 0.717824 0.0242188 0.493981 0.0797515 0.230079 0.0901817 0.230269 0.091077 0.447872 0.0815241 0.449401
