0 0.536328 0.631944 0.0575521 0.644444 0.280535 0.153963 0.294179 0.14936 0.294112 0.436417 0.28027 0.438567
0 0.257943 0.627546 0.0252604 0.654167 0.12825 0.139651 0.137447 0.135435 0.138704 0.443847 0.129602 0.446073
0 0.657292 0.647222 0.0390625 0.634259 0.350337 0.15275 0.361995 0.14978 0.360913 0.440494 0.348709 0.440652
0 0.322396 0.638426 0.0255208 0.65 0.164698 0.14723 0.174161 0.143518 0.175583 0.443229 0.165935 0.444562
0 0.345964 0.640046 0.0195313 0.647685 0.179939 0.148094 0.187536 0.147368 0.188642 0.445033 0.180265 0.446918
0 0.278906 0.636343 0.0229167 0.648611 0.140446 0.143249 0.147883 0.141117 0.149452 0.443193 0.141471 0.446006
0 0.422266 0.640046 0.0195313 0.646759 0.218293 0.145526 0.226974 0.144582 0.227442 0.446945 0.218077 0.448666
0 0.234245 0.624306 0.0283854 0.659722 0.116712 0.136128 0.126466 0.131266 0.128045 0.443808 0.118564 0.445762
0 0.497656 0.641898 0.0182292 0.64213 0.260831 0.146985 0.268869 0.147948 0.26828 0.446542 0.259539 0.44804
0 0.38151 0.640278 0.0182292 0.647222 0.198104 0.145509 0.205082 0.145382 0.205474 0.445278 0.197909 0.447577
0 0.159505 0.621528 0.0210938 0.664352 0.0741269 0.124806 0.0821529 0.121233 0.0838874 0.441606 0.0756988 0.441665
0 0.605469 0.638889 0.0213542 0.64537 0.324318 0.145872 0.331479 0.147386 0.329866 0.442094 0.321829 0.443019
0 0.477474 0.641898 0.0200521 0.641204 0.248597 0.147845 0.256766 0.148515 0.256099 0.446939 0.24761 0.448995
0 0.400651 0.63912 0.0205729 0.648611 0.206522 0.146859 0.21558 0.146095 0.216033 0.446532 0.206664 0.448773
0 0.441016 0.640046 0.0200521 0.643981 0.231046 0.147087 0.238494 0.147897 0.238857 0.450197 0.230543 0.451656
0 0.121094 0.6 0.01875 0.665741 0.0546018 0.116946 0.0622329 0.114043 0.0642777 0.438355 0.0570229 0.436889
0 0.625521 0.642361 0.0203125 0.6375 0.331743 0.14546 0.340435 0.145657 0.338755 0.440865 0.329541 0.441372
0 0.363672 0.640278 0.0164063 0.648148 0.188156 0.146299 0.19606 0.145509 0.197376 0.447168 0.188953 0.448978
0 0.208073 0.621991 0.0203125 0.660648 0.0998573 0.132143 0.107865 0.129348 0.109273 0.443569 0.101271 0.444831
0 0.3 0.637731 0.0223958 0.649537 0.152404 0.14848 0.160745 0.146328 0.162067 0.443363 0.153409 0.445868
0 0.0701823 0.600231 0.0195313 0.666204 0.0268106 0.110647 0.0343168 0.109117 0.0366786 0.436594 0.0301798 0.434229
0 0.580469 0.636343 0.0265625 0.646759 0.304983 0.140794 0.313367 0.141733 0.312253 0.441849 0.30307 0.443187
0 0.189583 0.62037 0.0177083 0.661111 0.0907654 0.125815 0.0984292 0.12284 0.0999045 0.440946 0.0922376 0.441976
0 0.138542 0.6 0.0203125 0.665741 0.0639469 0.117765 0.0724602 0.113577 0.0744331 0.441586 0.0662418 0.442243
0 0.102995 0.6 0.0174479 0.665741 0.045541 0.116692 0.0529293 0.11442 0.0549522 0.439828 0.0478682 0.43884
0 0.458984 0.641435 0.0158854 0.64213 0.238817 0.148384 0.245998 0.149788 0.245525 0.448624 0.237759 0.449829
0 0.0878906 0.600231 0.0164063 0.666204 0.0366039 0.112769 0.0443502 0.110389 0.0460199 0.435526 0.0399537 0.434322
0 0.0522135 0.600231 0.0179688 0.666204 0.0178126 0.107997 0.0249611 0.107011 0.0271976 0.438948 0.0213863 0.437052
0 0.17526 0.620602 0.0166667 0.6625 0.0810043 0.123688 0.0886918 0.120283 0.0903996 0.44154 0.0826782 0.443145
0 0.0356771 0.622222 0.0197917 0.665741 0.00908832 0.104037 0.0171164 0.103232 0.019411 0.444049 0.0141798 0.442368
0 0.0166667 0.577778 0.0239583 0.665741 0 0.102324 0.00190259 0.102944 0.0043109 0.438936 0 0.438206
0 0.0356771 0.544213 0.0171875 0.636574 0.00967004 0.101653 0.0189234 0.103617 0.0193562 0.436461 0.014451 0.433693
