0 0.170052 0.676389 0.025 0.552778 0.0875384 0.181949 0.0968832 0.179486 0.0978048 0.436203 0.089002 0.437049
0 0.146094 0.675 0.0239583 0.551852 0.0762173 0.182173 0.0851262 0.1806 0.0859598 0.436915 0.0777145 0.438302
0 0.121354 0.674537 0.0255208 0.55 0.0623919 0.181652 0.0715004 0.179766 0.0723476 0.436251 0.0641575 0.437985
0 0.481641 0.695833 0.0252604 0.497222 0.255857 0.207352 0.265272 0.206586 0.265604 0.434107 0.255839 0.433228
0 0.453906 0.69838 0.03125 0.497685 0.242376 0.216166 0.254193 0.21196 0.25553 0.438772 0.243363 0.438474
0 0.0970052 0.674074 0.0242188 0.548148 0.0487588 0.185107 0.0573836 0.184233 0.058131 0.437614 0.0506985 0.440143
0 0.425 0.700231 0.0291667 0.494907 0.22505 0.211876 0.236188 0.208819 0.236805 0.437297 0.226132 0.438231
0 0.380339 0.684954 0.0205729 0.525463 0.205027 0.199454 0.213229 0.198543 0.213908 0.437006 0.205247 0.437505
0 0.19362 0.677778 0.0231771 0.552778 0.101568 0.183705 0.110122 0.182225 0.111075 0.435379 0.102731 0.436514
0 0.320182 0.673843 0.0273438 0.554167 0.169993 0.186191 0.179676 0.183244 0.180616 0.434245 0.171091 0.433856
0 0.535547 0.702778 0.0195313 0.482407 0.28698 0.213717 0.296163 0.2128 0.296158 0.433238 0.286546 0.433425
0 0.55599 0.705093 0.0234375 0.478704 0.298317 0.218427 0.306769 0.218336 0.307102 0.433639 0.297479 0.43389
0 0.616797 0.701852 0.0205729 0.477778 0.331881 0.210905 0.340214 0.21042 0.339189 0.430224 0.330596 0.431345
0 0.216406 0.677083 0.0244792 0.554167 0.113891 0.185819 0.123276 0.183142 0.124624 0.436306 0.115706 0.437498
0 0.509766 0.696991 0.0309896 0.49213 0.273055 0.213478 0.283606 0.210158 0.283827 0.436053 0.272952 0.435078
0 0.359375 0.687268 0.0223958 0.526389 0.192561 0.196981 0.201517 0.194677 0.202326 0.436577 0.193465 0.435805
0 0.400651 0.685417 0.0210938 0.523611 0.214187 0.207525 0.224507 0.205166 0.225561 0.437164 0.215156 0.438004
0 0.295833 0.674306 0.025 0.556019 0.158741 0.188154 0.167965 0.186116 0.168882 0.437935 0.160047 0.437851
0 0.269661 0.67662 0.0268229 0.554167 0.144039 0.188588 0.154073 0.185685 0.155362 0.436383 0.145957 0.43631
0 0.660417 0.702083 0.0203125 0.474537 0.358202 0.215828 0.367393 0.213475 0.366397 0.433135 0.357148 0.433828
0 0.071875 0.678704 0.0265625 0.538889 0.0343057 0.192137 0.0426298 0.192156 0.0436943 0.437875 0.0365711 0.440886
0 0.596745 0.702778 0.0200521 0.481481 0.321052 0.212809 0.328953 0.212838 0.328417 0.431956 0.32015 0.4329
0 0.576953 0.704398 0.0169271 0.479167 0.308705 0.213799 0.316769 0.2141 0.315957 0.431953 0.307805 0.433113
0 0.242188 0.678704 0.0255208 0.552778 0.127047 0.188116 0.137436 0.18537 0.138783 0.436512 0.129388 0.437817
0 0.63737 0.703009 0.0200521 0.475463 0.343251 0.214913 0.351821 0.212803 0.350678 0.432517 0.342276 0.432931
0 0.340755 0.683796 0.0164063 0.528704 0.183392 0.195448 0.191187 0.195134 0.191798 0.437282 0.183819 0.436855
0 0.0497396 0.674537 0.0255208 0.553704 0.0205928 0.18469 0.0285823 0.184759 0.0302332 0.437111 0.0237548 0.439542
0 0.0298177 0.659954 0.0231771 0.583796 0.011538 0.168766 0.0179274 0.170124 0.0209756 0.434819 0.0143216 0.436478
