0 0.183333 0.675694 0.0255208 0.533796 0.0983694 0.187251 0.109043 0.185676 0.109855 0.430447 0.100289 0.432546
0 0.155729 0.672917 0.0348958 0.535648 0.0831946 0.190039 0.0938487 0.18652 0.095351 0.432855 0.0853815 0.434429
0 0.432813 0.71713 0.0401042 0.477778 0.235491 0.22594 0.246232 0.223911 0.247255 0.438902 0.236722 0.439514
0 0.633594 0.730556 0.0244792 0.439815 0.347208 0.234001 0.357102 0.231626 0.35642 0.436707 0.347042 0.438299
0 0.591276 0.735417 0.0278646 0.436574 0.324824 0.240132 0.334755 0.2381 0.334678 0.439864 0.324921 0.441379
0 0.572266 0.738889 0.0304688 0.435185 0.310199 0.24025 0.32087 0.237176 0.320544 0.443349 0.310395 0.443166
0 0.655339 0.731018 0.0231771 0.437037 0.363251 0.235508 0.372341 0.234287 0.371588 0.435769 0.362797 0.437653
0 0.490234 0.716667 0.0299479 0.483333 0.269313 0.226562 0.279025 0.225308 0.279832 0.441573 0.26986 0.442041
0 0.455469 0.719907 0.0364583 0.478704 0.247643 0.22941 0.258491 0.228634 0.259333 0.44564 0.248846 0.445313
0 0.532031 0.720139 0.0265625 0.474537 0.290246 0.226248 0.299879 0.224475 0.300167 0.441246 0.290296 0.442271
0 0.130859 0.672454 0.0263021 0.527315 0.0704535 0.183017 0.0798086 0.181859 0.0811993 0.426397 0.0723388 0.429373
0 0.0903646 0.659722 0.0317708 0.544444 0.048516 0.182167 0.0574327 0.180645 0.0592299 0.43297 0.0506878 0.43572
0 0.361589 0.672222 0.0388021 0.543518 0.198163 0.193504 0.208807 0.189531 0.209778 0.430714 0.199542 0.430383
0 0.613021 0.73125 0.0244792 0.441204 0.334656 0.236672 0.345129 0.234783 0.344299 0.438438 0.3349 0.440331
0 0.676302 0.728704 0.0203125 0.437037 0.374551 0.233302 0.383903 0.232405 0.382847 0.434667 0.374436 0.436897
0 0.551563 0.727315 0.0255208 0.457407 0.302157 0.235994 0.311985 0.234932 0.312118 0.443142 0.302167 0.444074
0 0.252344 0.681019 0.0223958 0.539815 0.138129 0.185808 0.14787 0.182663 0.149162 0.432412 0.140234 0.433969
0 0.233203 0.681944 0.0210938 0.536111 0.125332 0.187385 0.134073 0.185312 0.13562 0.428256 0.127033 0.429785
0 0.41224 0.716667 0.0328125 0.477778 0.225362 0.224559 0.235817 0.223673 0.236825 0.437897 0.226492 0.438506
0 0.513411 0.720602 0.0289063 0.475463 0.27946 0.226869 0.290173 0.2259 0.290453 0.445778 0.28021 0.44568
0 0.111849 0.663889 0.0315104 0.537963 0.0575577 0.18137 0.067024 0.17999 0.0678798 0.428795 0.0596879 0.431032
0 0.270703 0.683333 0.0200521 0.537963 0.150005 0.184497 0.158639 0.182546 0.160005 0.42977 0.151541 0.431109
0 0.696615 0.729398 0.0208333 0.440278 0.388334 0.23482 0.397011 0.23404 0.396193 0.434667 0.387963 0.436223
0 0.215755 0.680787 0.0205729 0.535648 0.115785 0.186391 0.124332 0.184782 0.125729 0.428591 0.117376 0.429768
0 0.201693 0.680324 0.0174479 0.529167 0.109623 0.193282 0.118794 0.193085 0.119858 0.43377 0.111206 0.435753
0 0.0721354 0.657176 0.0307292 0.543056 0.0422256 0.175321 0.050573 0.175199 0.0524975 0.432021 0.0449749 0.435656
0 0.286719 0.6875 0.0161458 0.528704 0.158004 0.188307 0.166303 0.187152 0.167564 0.429444 0.159465 0.430937
0 0.317188 0.686806 0.0208333 0.523611 0.175312 0.192255 0.184026 0.189629 0.184762 0.432522 0.176688 0.433694
0 0.397135 0.719213 0.0296875 0.466204 0.218151 0.219693 0.2271 0.22049 0.227505 0.435233 0.218841 0.434676
0 0.471875 0.718518 0.0307292 0.478704 0.256996 0.22078 0.267996 0.216993 0.268202 0.438569 0.257788 0.438917
0 0.334766 0.681944 0.0257813 0.534259 0.183975 0.187659 0.193207 0.185111 0.194006 0.431484 0.185559 0.432286
0 0.302604 0.691667 0.0203125 0.518519 0.164477 0.195784 0.173122 0.197435 0.173895 0.44696 0.165883 0.448113
0 0.380859 0.716435 0.0252604 0.468056 0.209155 0.21375 0.218522 0.212371 0.219383 0.432217 0.210178 0.4328
0 0.0549479 0.655556 0.0223958 0.548148 0.0304905 0.163562 0.0371007 0.16377 0.0397464 0.429531 0.0332595 0.429872
0 0.334896 0.687268 0.0171875 0.524537 0.183007 0.191348 0.191958 0.192981 0.192461 0.44269 0.184218 0.443049
