0 0.0721354 0.669444 0.0265625 0.52963 0.0273136 0.191321 0.0370135 0.189382 0.0379602 0.430232 0.0296156 0.43334
0 0.824479 0.666204 0.0489583 0.572222 0.444648 0.180638 0.458392 0.176271 0.456858 0.432369 0.444591 0.431855
0 0.78138 0.700926 0.0445313 0.511111 0.402971 0.201931 0.415994 0.196505 0.413973 0.433953 0.402793 0.435649
0 0.61862 0.703704 0.0242188 0.506481 0.321198 0.217449 0.330523 0.216793 0.329204 0.449954 0.320045 0.451445
0 0.597786 0.713889 0.0283854 0.485185 0.312693 0.225721 0.321847 0.223677 0.320697 0.448108 0.311927 0.449714
0 0.558594 0.734028 0.0260417 0.443056 0.288958 0.239485 0.297961 0.237923 0.297391 0.445629 0.288152 0.446227
0 0.63763 0.708102 0.0257813 0.494907 0.33124 0.219606 0.340793 0.218094 0.339084 0.44321 0.330071 0.444224
0 0.336328 0.694444 0.0356771 0.516667 0.165568 0.21569 0.176368 0.211981 0.177021 0.439782 0.167011 0.440042
0 0.360417 0.720602 0.0322917 0.465278 0.17915 0.227625 0.190079 0.226914 0.1906 0.444876 0.180699 0.444022
0 0.903125 0.704167 0.0223958 0.497222 0.496982 0.216642 0.507409 0.214895 0.505108 0.437898 0.497005 0.440442
0 0.861849 0.712269 0.0210938 0.479167 0.466898 0.207497 0.47699 0.20631 0.475132 0.441325 0.466194 0.441626
0 0.92526 0.712963 0.0223958 0.47963 0.512937 0.213785 0.523627 0.213373 0.520608 0.44164 0.513402 0.443636
0 0.881641 0.711111 0.0200521 0.484259 0.481657 0.219339 0.490942 0.218635 0.488995 0.443887 0.481363 0.446206
0 0.236849 0.708333 0.0283854 0.477778 0.11344 0.224477 0.124203 0.22393 0.125139 0.438115 0.115435 0.439661
0 0.579427 0.725463 0.0192708 0.462963 0.301412 0.234101 0.309787 0.233865 0.308787 0.45161 0.300764 0.453052
0 0.0488281 0.680787 0.0273438 0.504167 0.0165835 0.205907 0.0249365 0.205721 0.0270714 0.432719 0.0193231 0.434057
0 0.280469 0.696991 0.0255208 0.5125 0.136788 0.203493 0.145898 0.201523 0.146646 0.434502 0.138317 0.435827
0 0.0290365 0.69375 0.0210938 0.478241 0.00721004 0.20134 0.0136459 0.201008 0.0165704 0.435378 0.00952369 0.436206
0 0.091276 0.687268 0.0190104 0.495833 0.0376615 0.204179 0.0468097 0.202945 0.0480544 0.431782 0.0394046 0.434162
0 0.311849 0.696296 0.0309896 0.511111 0.153303 0.212322 0.163432 0.209411 0.164298 0.441308 0.15481 0.442005
0 0.358464 0.718518 0.0226563 0.472222 0.180938 0.224173 0.189891 0.222308 0.190186 0.433326 0.181303 0.433703
0 0.374349 0.719444 0.0179688 0.472222 0.192163 0.226368 0.200804 0.224683 0.200838 0.433612 0.19263 0.432981
0 0.386979 0.716435 0.0161458 0.479167 0.200174 0.221708 0.20839 0.22126 0.208279 0.434974 0.200544 0.435706
0 0.719531 0.704398 0.0395833 0.508796 0.3736 0.21579 0.385015 0.213217 0.383793 0.450303 0.372612 0.451088
0 0.654297 0.72037 0.0263021 0.472222 0.345126 0.229333 0.353622 0.229382 0.352981 0.445175 0.344191 0.447141
0 0.943229 0.716667 0.0203125 0.474074 0.526944 0.214533 0.536453 0.214014 0.534043 0.440974 0.527177 0.443623
0 0.264714 0.70625 0.0278646 0.491204 0.129579 0.216917 0.139141 0.218146 0.139819 0.437414 0.131386 0.439126
