0 0.330599 0.627315 0.0304688 0.65463 0.16645 0.13927 0.175849 0.136123 0.177046 0.439121 0.167627 0.441379
0 0.275911 0.623148 0.0273438 0.662037 0.134226 0.13012 0.143579 0.126233 0.145049 0.436789 0.135678 0.439627
0 0.43125 0.653009 0.0328125 0.605093 0.218562 0.159268 0.228133 0.157555 0.22834 0.441011 0.218761 0.44222
0 0.302995 0.627778 0.0294271 0.651852 0.150802 0.13628 0.159994 0.133325 0.161281 0.438276 0.15207 0.440407
0 0.510938 0.67662 0.0375 0.563426 0.265098 0.193112 0.275412 0.19005 0.274947 0.446509 0.264683 0.446724
0 0.214844 0.600694 0.0338542 0.663426 0.097889 0.120343 0.108583 0.114742 0.110748 0.436032 0.100241 0.438632
0 0.0421875 0.599769 0.0317708 0.665278 0.0103177 0.117681 0.0182069 0.115551 0.020912 0.434638 0.0141432 0.432943
0 0.174219 0.599769 0.0364583 0.664352 0.0728655 0.115993 0.0834439 0.110754 0.0860024 0.433702 0.0753997 0.436273
0 0.0684896 0.599769 0.0296875 0.665278 0.0202936 0.11606 0.0286459 0.113595 0.0309462 0.431905 0.0236005 0.430939
0 0.705599 0.693287 0.0351562 0.546759 0.35651 0.206517 0.366131 0.205471 0.363568 0.447492 0.355143 0.447415
0 0.536979 0.678935 0.03125 0.564352 0.277808 0.193545 0.287591 0.191576 0.286304 0.444635 0.276623 0.446075
0 0.015625 0.599537 0.0239583 0.664815 0 0.112901 0.00115532 0.112848 0.00449435 0.437624 0 0.43708
0 0.397396 0.631481 0.0255208 0.64537 0.203538 0.140471 0.211866 0.14001 0.212077 0.443189 0.203603 0.444659
