0 0.742448 0.599537 0.0296875 0.617593 0.387419 0.136928 0.39491 0.137636 0.392709 0.418192 0.384814 0.41724
0 0.308464 0.648843 0.0242188 0.648611 0.149062 0.148782 0.157751 0.146815 0.159216 0.448963 0.149907 0.450546
0 0.0958333 0.644444 0.0255208 0.665741 0.0344531 0.136813 0.0428019 0.13382 0.0445848 0.459766 0.0370921 0.459019
0 0.808724 0.598843 0.0273438 0.595833 0.424666 0.147072 0.433159 0.147825 0.430913 0.419417 0.42254 0.416902
0 0.178646 0.664583 0.0296875 0.647685 0.0749871 0.155747 0.0848837 0.150684 0.0868045 0.459026 0.0771622 0.461443
0 0.785547 0.60463 0.0242188 0.59537 0.412693 0.144611 0.420326 0.145559 0.418169 0.420742 0.40991 0.418178
0 0.719401 0.592824 0.0346354 0.634722 0.369976 0.133985 0.379574 0.133012 0.378339 0.418712 0.367581 0.416708
0 0.764583 0.60625 0.0260417 0.601389 0.400629 0.136801 0.40977 0.135445 0.406911 0.417745 0.398609 0.417014
0 0.539453 0.625 0.0315104 0.653704 0.277002 0.137772 0.286531 0.137081 0.284996 0.435837 0.27521 0.438239
0 0.834115 0.59537 0.0270833 0.586111 0.432643 0.138849 0.442229 0.137849 0.439572 0.412579 0.431073 0.411271
0 0.117578 0.644444 0.0231771 0.665741 0.0435815 0.136201 0.0510221 0.133178 0.0530164 0.458534 0.045633 0.458652
0 0.344792 0.644676 0.0223958 0.650463 0.171918 0.149607 0.179166 0.148741 0.179773 0.449872 0.17211 0.451363
0 0.053776 0.666667 0.0226563 0.665741 0.0110627 0.14171 0.0181314 0.140364 0.0200968 0.466535 0.013946 0.46613
0 0.156771 0.664583 0.0234375 0.65787 0.0640156 0.151664 0.0714903 0.148806 0.0730418 0.460024 0.0654238 0.46147
0 0.434245 0.63125 0.0205729 0.645833 0.216917 0.142261 0.224752 0.142351 0.22405 0.444829 0.215901 0.44685
0 0.472396 0.627546 0.0223958 0.651389 0.237676 0.141122 0.245585 0.140967 0.244679 0.44177 0.236124 0.443294
0 0.203646 0.657639 0.0296875 0.644907 0.0890716 0.153833 0.099039 0.149104 0.100799 0.456935 0.0910558 0.459031
0 0.380208 0.639583 0.0213542 0.652315 0.190115 0.14525 0.197133 0.145612 0.19758 0.446607 0.18967 0.448783
0 0.452995 0.627778 0.0210938 0.651852 0.229148 0.142844 0.237028 0.14316 0.236581 0.443504 0.228005 0.445401
0 0.559115 0.625231 0.0302083 0.653241 0.28731 0.136818 0.29602 0.137185 0.295076 0.43723 0.285113 0.438816
0 0.288542 0.643981 0.0229167 0.657407 0.137468 0.144838 0.146735 0.142036 0.147946 0.446851 0.138946 0.449084
0 0.0735677 0.644444 0.0231771 0.665741 0.0216233 0.13741 0.0295765 0.134076 0.0321975 0.460379 0.0244511 0.460715
0 0.657943 0.604167 0.0278646 0.650926 0.339988 0.13136 0.349169 0.13026 0.348384 0.423165 0.337663 0.422325
0 0.260807 0.644444 0.0414063 0.660185 0.121241 0.146861 0.132177 0.141771 0.134161 0.446638 0.123097 0.448872
0 0.36224 0.640509 0.0208333 0.654167 0.177665 0.1439 0.186735 0.142757 0.187717 0.446731 0.178481 0.449019
0 0.396875 0.638426 0.0223958 0.65 0.199213 0.145423 0.207571 0.144966 0.207906 0.446549 0.199419 0.447542
0 0.136719 0.644444 0.0239583 0.665741 0.0530834 0.136843 0.0616824 0.13303 0.0634598 0.456202 0.0553974 0.455988
0 0.327865 0.647917 0.0203125 0.645833 0.161705 0.151199 0.169105 0.151216 0.17031 0.450879 0.162177 0.45271
0 0.503906 0.627546 0.021875 0.650463 0.258415 0.14143 0.265125 0.143143 0.264194 0.441543 0.256131 0.44292
0 0.228255 0.647685 0.0320313 0.655556 0.106112 0.150231 0.115955 0.145333 0.117851 0.453326 0.108006 0.454236
0 0.520964 0.627083 0.0216146 0.650463 0.266982 0.139597 0.274289 0.140215 0.272375 0.438595 0.26468 0.440209
0 0.414974 0.632639 0.0210938 0.643981 0.207209 0.144723 0.214968 0.14441 0.214826 0.446312 0.206632 0.448476
0 0.689323 0.605324 0.0395833 0.643981 0.356464 0.127308 0.366116 0.126053 0.364234 0.419734 0.353312 0.419826
0 0.627344 0.606018 0.0447917 0.650926 0.320152 0.134469 0.331661 0.13177 0.33146 0.424302 0.31854 0.424622
0 0.488542 0.627083 0.0182292 0.650463 0.25088 0.142373 0.258428 0.143614 0.257805 0.442071 0.249283 0.443831
0 0.031901 0.644444 0.0299479 0.666667 0.00556878 0.124899 0.0135726 0.123808 0.0158589 0.469928 0.0105785 0.46826
0 0.588151 0.621528 0.0419271 0.655093 0.304237 0.133614 0.314312 0.131713 0.312332 0.432852 0.301755 0.434451
