0 0.544271 0.67338 0.0270833 0.606018 0.288625 0.175633 0.29967 0.172972 0.298728 0.448854 0.288314 0.449516
0 0.309245 0.633565 0.0231771 0.64213 0.160725 0.145696 0.170278 0.142078 0.1713 0.4379 0.161818 0.439502
0 0.201302 0.621991 0.03125 0.664352 0.10065 0.130027 0.110502 0.124063 0.112302 0.437492 0.102554 0.439385
0 0.0949219 0.6 0.0242188 0.665741 0.0439048 0.115869 0.0518037 0.113543 0.0537254 0.434313 0.0466418 0.432744
0 0.514714 0.666667 0.0315104 0.610185 0.270526 0.172309 0.282016 0.169879 0.281702 0.447122 0.270545 0.448655
0 0.252214 0.625 0.0351562 0.658333 0.130724 0.140593 0.140376 0.134719 0.141816 0.436421 0.132294 0.437198
0 0.226563 0.622454 0.0265625 0.663426 0.114843 0.13435 0.124447 0.129081 0.125969 0.435871 0.116744 0.438294
0 0.283333 0.632407 0.0302083 0.644444 0.145492 0.145668 0.155603 0.141113 0.156833 0.43725 0.147359 0.438557
0 0.155859 0.6 0.0242188 0.665741 0.0763949 0.119366 0.0839916 0.115771 0.0860418 0.438748 0.078238 0.438883
0 0.568099 0.678935 0.0221354 0.594907 0.299907 0.181212 0.308837 0.181225 0.307566 0.449102 0.298513 0.450606
0 0.176953 0.600694 0.0205729 0.664352 0.0868936 0.122074 0.0955842 0.117133 0.0973492 0.437311 0.0888999 0.439634
0 0.488281 0.665278 0.0197917 0.607407 0.260897 0.165543 0.270215 0.164615 0.269396 0.445819 0.260575 0.447836
0 0.135677 0.6 0.0192708 0.665741 0.0648406 0.115922 0.0731656 0.113081 0.0753967 0.434713 0.0674949 0.433976
0 0.0720052 0.6 0.0236979 0.665741 0.0307497 0.115511 0.0386043 0.114013 0.0408182 0.433826 0.0344361 0.431883
0 0.328646 0.637037 0.01875 0.648148 0.174068 0.143941 0.181252 0.143497 0.182627 0.442929 0.174743 0.445044
0 0.117057 0.6 0.0247396 0.665741 0.0553617 0.114423 0.0631102 0.111021 0.0652131 0.434489 0.0577974 0.433666
0 0.345052 0.638194 0.0161458 0.650463 0.184676 0.144739 0.191337 0.144035 0.192245 0.44328 0.185188 0.444667
0 0.380078 0.63912 0.0179688 0.652315 0.203549 0.142663 0.210466 0.142799 0.211462 0.446266 0.203602 0.448366
0 0.36237 0.639583 0.0164063 0.653241 0.193074 0.145163 0.201376 0.143557 0.202461 0.444842 0.19398 0.446248
0 0.469661 0.642824 0.0153646 0.648611 0.249577 0.145674 0.256992 0.145726 0.256229 0.445399 0.24861 0.446697
0 0.424089 0.640741 0.0158854 0.655556 0.226725 0.138635 0.234696 0.138168 0.235289 0.45047 0.226923 0.452117
0 0.453646 0.639815 0.0166667 0.65463 0.242779 0.142026 0.249696 0.142975 0.249974 0.449224 0.241988 0.450467
0 0.396875 0.640278 0.0151042 0.653704 0.213882 0.142885 0.220818 0.143316 0.22154 0.448701 0.21419 0.449678
0 0.0360677 0.578241 0.0210938 0.665741 0.0142876 0.104395 0.0216387 0.104784 0.0236194 0.433732 0.0190545 0.432045
0 0.410938 0.640972 0.0135417 0.655093 0.220802 0.141585 0.227728 0.142285 0.228256 0.450695 0.220768 0.452318
0 0.052474 0.579861 0.0221354 0.6625 0.0207236 0.114834 0.0280752 0.114246 0.0299746 0.436395 0.0241229 0.434088
0 0.438411 0.639352 0.0169271 0.65463 0.236315 0.139788 0.243632 0.140248 0.244415 0.450809 0.236239 0.452545
