0 0.423698 0.6 0.0385417 0.665741 0.205022 0.112267 0.215056 0.110273 0.214544 0.429236 0.204277 0.432711
0 0.119531 0.577778 0.0328125 0.666667 0.0298543 0.102258 0.0413905 0.0948227 0.0429355 0.434523 0.0328196 0.434883
0 0.0880208 0.578009 0.0380208 0.666204 0.0179256 0.107956 0.0291265 0.101959 0.0313566 0.43642 0.0211462 0.437003
0 0.356901 0.6 0.0398438 0.665741 0.167224 0.112207 0.177565 0.108454 0.178483 0.434759 0.167677 0.437793
0 0.497917 0.626852 0.0302083 0.64537 0.249884 0.13309 0.259146 0.132058 0.258341 0.434613 0.248366 0.436252
0 0.385677 0.6 0.0427083 0.665741 0.183456 0.111681 0.194252 0.107668 0.194472 0.430445 0.183716 0.433877
0 0.476432 0.622222 0.0257813 0.65463 0.235909 0.12862 0.244699 0.128562 0.243456 0.431176 0.234429 0.433651
0 0.455339 0.600231 0.0320313 0.665278 0.223795 0.116364 0.233443 0.114454 0.232752 0.430041 0.222883 0.432326
0 0.240885 0.6 0.0317708 0.665741 0.103989 0.108967 0.112317 0.106092 0.114174 0.434165 0.105282 0.437081
0 0.203125 0.578241 0.03125 0.665741 0.0799631 0.108234 0.0900663 0.103492 0.0911162 0.43807 0.0817865 0.441312
0 0.223698 0.6 0.0286458 0.665741 0.0921266 0.104345 0.101517 0.0991132 0.103217 0.432519 0.0937775 0.434666
0 0.0592448 0.6 0.0309896 0.665741 0.00523124 0.108363 0.0135369 0.105791 0.0156864 0.436004 0.00824014 0.434374
0 0.141797 0.6 0.0210938 0.665741 0.0456244 0.0994416 0.053251 0.0971738 0.0549009 0.434087 0.0471215 0.435176
0 0.159245 0.578009 0.0200521 0.666204 0.0531402 0.104035 0.0615255 0.10118 0.0628325 0.438418 0.0547858 0.43927
0 0.0174479 0.541204 0.021875 0.647222 0 0.107492 0 0.108558 0 0.434981 0 0.433519
0 0.336328 0.582176 0.0289063 0.656944 0.154795 0.11517 0.164486 0.11297 0.164221 0.434682 0.155221 0.438597
0 0.311458 0.580324 0.0385417 0.660648 0.141629 0.116575 0.151887 0.113527 0.151783 0.433364 0.14238 0.43758
