0 0.334896 0.63125 0.0296875 0.639352 0.175802 0.148443 0.185812 0.14416 0.186637 0.431447 0.176698 0.433114
0 0.106901 0.6 0.0273438 0.665741 0.0452735 0.112396 0.053793 0.10876 0.055815 0.434054 0.0477695 0.433189
0 0.358333 0.636806 0.021875 0.626389 0.191151 0.153766 0.198928 0.152218 0.199451 0.432903 0.19122 0.434871
0 0.308333 0.628472 0.0270833 0.644907 0.161417 0.143135 0.171195 0.138893 0.172209 0.43192 0.162641 0.433851
0 0.395443 0.6375 0.0257813 0.622222 0.212667 0.15561 0.22117 0.154041 0.221972 0.433756 0.212863 0.435208
0 0.230729 0.621065 0.021875 0.661574 0.118792 0.129288 0.126186 0.126003 0.127555 0.437697 0.119797 0.439774
0 0.130469 0.6 0.025 0.665741 0.0582688 0.113499 0.065848 0.110001 0.0679945 0.434571 0.060365 0.434651
0 0.149089 0.600231 0.0210938 0.665278 0.0700283 0.115939 0.0788112 0.111915 0.0806381 0.434752 0.0725475 0.433872
0 0.640495 0.637731 0.0200521 0.626389 0.350639 0.153735 0.358167 0.154898 0.356337 0.437435 0.348107 0.438688
0 0.491667 0.635417 0.0223958 0.622685 0.265287 0.153569 0.273178 0.153698 0.272428 0.436254 0.264197 0.437603
0 0.417839 0.636806 0.0221354 0.620833 0.224509 0.154604 0.232022 0.154132 0.231765 0.433582 0.224021 0.435442
0 0.68763 0.636574 0.0216146 0.62037 0.374647 0.1493 0.383276 0.149662 0.381157 0.43574 0.371824 0.43667
0 0.548047 0.63912 0.0195313 0.615278 0.298243 0.156265 0.306984 0.155991 0.305709 0.436229 0.296919 0.436883
0 0.45599 0.635417 0.0213542 0.618056 0.24547 0.156413 0.252958 0.156989 0.252565 0.436299 0.244353 0.437998
0 0.375391 0.638657 0.0205729 0.620833 0.19989 0.15284 0.208885 0.151485 0.209405 0.432463 0.200465 0.434965
0 0.622135 0.638426 0.0197917 0.623148 0.335898 0.150935 0.344361 0.150598 0.342835 0.43899 0.333713 0.43964
0 0.251042 0.602315 0.0307292 0.661111 0.128173 0.129428 0.138309 0.124534 0.140215 0.440166 0.130294 0.443074
0 0.53151 0.637963 0.0197917 0.616667 0.288001 0.155075 0.295138 0.156344 0.293633 0.435899 0.285839 0.437864
0 0.436198 0.6375 0.0234375 0.617593 0.233687 0.152442 0.242824 0.150614 0.242644 0.433408 0.233732 0.434556
0 0.472526 0.634954 0.0195313 0.616204 0.252304 0.154432 0.260772 0.153906 0.260273 0.43522 0.251685 0.435995
0 0.0416667 0.578009 0.0338542 0.666204 0.011426 0.0977195 0.0209712 0.0944255 0.023128 0.433741 0.0157225 0.4321
0 0.567057 0.637963 0.0216146 0.622222 0.307194 0.155887 0.314595 0.157032 0.313417 0.437368 0.305068 0.43864
0 0.51237 0.636111 0.0205729 0.617593 0.276202 0.154251 0.285096 0.153374 0.284178 0.434392 0.275107 0.435381
0 0.0867188 0.6 0.0229167 0.665741 0.0335081 0.107842 0.0418146 0.104819 0.0438976 0.431322 0.0369116 0.429726
0 0.211198 0.603241 0.0270833 0.659259 0.105301 0.125957 0.115087 0.121178 0.117075 0.440391 0.107727 0.442615
0 0.285807 0.621528 0.0195313 0.6625 0.148445 0.128545 0.156995 0.125643 0.158192 0.437571 0.149881 0.439084
0 0.664193 0.634954 0.0242188 0.627315 0.36174 0.15169 0.370616 0.15186 0.368325 0.435069 0.359535 0.436543
0 0.0667969 0.6 0.0257813 0.665741 0.0231525 0.103357 0.0307105 0.100955 0.0330357 0.432283 0.0264031 0.430592
0 0.271484 0.621065 0.0205729 0.6625 0.141332 0.128315 0.149156 0.125043 0.150416 0.437387 0.142334 0.439066
0 0.18151 0.600231 0.0244792 0.665278 0.0871443 0.116829 0.0954831 0.113298 0.0972509 0.438219 0.0892014 0.439004
0 0.164714 0.6 0.0184896 0.664815 0.0796181 0.117916 0.0874983 0.114563 0.0893661 0.437856 0.0814546 0.438284
0 0.194401 0.600694 0.0221354 0.664352 0.0959689 0.122679 0.103915 0.119041 0.105629 0.439942 0.0977476 0.441195
0 0.60612 0.637037 0.0158854 0.625926 0.330595 0.152623 0.337124 0.154683 0.335457 0.442006 0.32793 0.44273
0 0.585026 0.636111 0.0164063 0.624074 0.316941 0.154545 0.323838 0.156528 0.322341 0.439086 0.314673 0.439641
