0 0.346875 0.648611 0.0255208 0.62037 0.174588 0.151159 0.184316 0.148093 0.185178 0.437107 0.175305 0.438498
0 0.290755 0.636806 0.0341146 0.647685 0.141837 0.145353 0.153509 0.140351 0.15571 0.441389 0.144022 0.442976
0 0.542188 0.649074 0.0307292 0.618519 0.281017 0.161504 0.292443 0.159446 0.292035 0.43942 0.28049 0.440906
0 0.322266 0.643287 0.0325521 0.634722 0.157313 0.147406 0.167646 0.143901 0.168722 0.435667 0.158347 0.43828
0 0.632552 0.662963 0.028125 0.575 0.335317 0.173447 0.345857 0.171205 0.34401 0.435696 0.333888 0.436652
0 0.656901 0.660185 0.0242188 0.577778 0.35356 0.172124 0.362015 0.171954 0.359953 0.433674 0.351338 0.435489
0 0.722266 0.658102 0.0200521 0.577315 0.390031 0.170181 0.399558 0.168514 0.397455 0.435843 0.388123 0.436563
0 0.602865 0.654861 0.0317708 0.596759 0.320634 0.167246 0.330919 0.165306 0.328409 0.436722 0.318848 0.438594
0 0.679427 0.654861 0.0260417 0.585648 0.365155 0.170578 0.374502 0.169724 0.372235 0.435817 0.363277 0.437463
0 0.440365 0.646759 0.0338542 0.630556 0.224979 0.148663 0.23579 0.146879 0.236163 0.441052 0.225266 0.443001
0 0.572787 0.656944 0.0309896 0.6 0.299262 0.167978 0.310105 0.165218 0.308439 0.440115 0.298291 0.440917
0 0.479167 0.643519 0.0302083 0.633333 0.245238 0.147375 0.254921 0.146626 0.254307 0.442825 0.244606 0.444843
0 0.260807 0.638426 0.0294271 0.643519 0.125433 0.145675 0.135266 0.141551 0.13698 0.440539 0.127101 0.443341
0 0.516276 0.643287 0.0231771 0.631019 0.269185 0.151252 0.277281 0.150957 0.276258 0.441304 0.267752 0.443114
0 0.381771 0.648148 0.0213542 0.624074 0.195337 0.154011 0.202699 0.153679 0.202704 0.441533 0.195193 0.442966
0 0.804948 0.649769 0.0255208 0.58287 0.42871 0.168707 0.438432 0.167304 0.435434 0.437207 0.427117 0.437342
0 0.401953 0.646991 0.0226563 0.628241 0.204358 0.151459 0.213596 0.150966 0.214331 0.442897 0.204711 0.444786
0 0.776563 0.656944 0.0276042 0.572222 0.409423 0.168904 0.420023 0.167123 0.41743 0.434646 0.408201 0.43568
0 0.88151 0.643287 0.0213542 0.578241 0.48295 0.167278 0.491654 0.168203 0.487942 0.432116 0.481792 0.430724
0 0.365625 0.649074 0.0197917 0.62037 0.18499 0.15452 0.192898 0.15414 0.193855 0.441903 0.185384 0.443457
0 0.499609 0.643056 0.0195313 0.631481 0.259616 0.148687 0.267972 0.148967 0.26738 0.442316 0.258458 0.444018
0 0.860938 0.644676 0.0203125 0.578241 0.468522 0.163335 0.477197 0.163741 0.474154 0.434045 0.466465 0.431418
0 0.702083 0.656481 0.0229167 0.582407 0.378318 0.17059 0.388191 0.17003 0.385563 0.436519 0.376588 0.437596
0 0.421745 0.648148 0.0195313 0.628704 0.216554 0.150948 0.224572 0.150117 0.224424 0.441075 0.216072 0.443135
0 0.82513 0.64838 0.0169271 0.583796 0.440063 0.166095 0.449148 0.164462 0.446712 0.435669 0.438152 0.435404
0 0.214974 0.637731 0.0341146 0.63287 0.0994078 0.14749 0.109219 0.143198 0.110952 0.440803 0.101655 0.442738
0 0.242578 0.640046 0.0200521 0.6375 0.118402 0.15001 0.125604 0.148229 0.126841 0.44365 0.119568 0.445355
0 0.842188 0.644907 0.0192708 0.580556 0.457261 0.160468 0.464658 0.160883 0.461684 0.433318 0.45508 0.432148
0 0.157813 0.640741 0.0338542 0.625926 0.0648344 0.149727 0.0742998 0.14476 0.0761326 0.441126 0.0670491 0.442064
0 0.754557 0.657639 0.0195313 0.572685 0.40609 0.174929 0.41346 0.175068 0.410509 0.436399 0.403384 0.435347
0 0.0507813 0.637268 0.0416667 0.635648 0.0130302 0.143089 0.0222874 0.139893 0.0254608 0.43323 0.0162983 0.432843
0 0.194922 0.640278 0.0346354 0.627778 0.0871354 0.148138 0.0964226 0.144009 0.0979338 0.438368 0.0891259 0.439691
0 0.461068 0.643056 0.0226563 0.624074 0.237163 0.151796 0.245571 0.15152 0.245052 0.441955 0.236159 0.44416
0 0.739844 0.659722 0.0177083 0.575926 0.399683 0.169325 0.407579 0.169107 0.405871 0.435383 0.397893 0.435161
0 0.176172 0.639815 0.0315104 0.626852 0.0756501 0.147389 0.0852881 0.142882 0.0872115 0.437971 0.0779815 0.440228
0 0.0736979 0.644213 0.0385417 0.621759 0.0240908 0.147708 0.0333382 0.144834 0.0354687 0.431003 0.0272531 0.429808
0 0.900912 0.665509 0.0164063 0.51713 0.491962 0.194137 0.503852 0.193414 0.500276 0.436193 0.492402 0.436289
