0 0.0713542 0.577546 0.0317708 0.665278 0.0534116 0.231992 0.0743237 0.228169 0.0860745 0.922784 0.0651743 0.925776
0 0.371615 0.621759 0.028125 0.661111 0.358462 0.291607 0.380889 0.288917 0.383828 0.953836 0.361848 0.955779
0 0.0970052 0.577546 0.0315104 0.665278 0.0798086 0.234613 0.101582 0.231308 0.111522 0.925069 0.0898069 0.928002
0 0.046224 0.577546 0.0309896 0.665278 0.027901 0.234686 0.0478367 0.230426 0.0617544 0.920626 0.0419604 0.923662
0 0.344531 0.620833 0.0260417 0.658333 0.335987 0.294764 0.35599 0.291483 0.352761 0.953349 0.333018 0.95311
0 0.261719 0.599769 0.0317708 0.666204 0.248716 0.254629 0.27525 0.25121 0.275098 0.940162 0.249437 0.941116
0 0.435156 0.62662 0.021875 0.655093 0.42329 0.298797 0.438731 0.295859 0.446741 0.959599 0.431425 0.960359
0 0.122396 0.577778 0.0286458 0.665741 0.107128 0.234289 0.128088 0.231035 0.135766 0.928674 0.114815 0.93146
0 0.398307 0.622917 0.0236979 0.658796 0.386293 0.293998 0.404247 0.291615 0.409632 0.957318 0.39155 0.958852
0 0.418229 0.625926 0.0192708 0.65463 0.407668 0.300445 0.42127 0.295141 0.427974 0.955423 0.413986 0.958529
0 0.318229 0.618519 0.0244792 0.657407 0.309715 0.287843 0.328929 0.287513 0.324245 0.948404 0.306021 0.948296
0 0.147656 0.577778 0.028125 0.665741 0.132739 0.235175 0.154358 0.232294 0.160627 0.930193 0.139082 0.932979
0 0.496615 0.657176 0.01875 0.600463 0.485672 0.35893 0.501127 0.356894 0.505951 0.963693 0.49097 0.96518
0 0.174479 0.577778 0.0276042 0.665741 0.161622 0.23711 0.183623 0.234083 0.186982 0.92664 0.165284 0.928917
0 0.473698 0.652778 0.0255208 0.608333 0.458599 0.350637 0.481053 0.347343 0.487531 0.957508 0.466097 0.96045
0 0.2 0.577778 0.0244792 0.665741 0.187416 0.230369 0.208804 0.228083 0.210144 0.932762 0.18894 0.934726
0 0.227865 0.598611 0.0286458 0.663889 0.21285 0.246311 0.23925 0.244509 0.240058 0.930286 0.214554 0.931782
0 0.521745 0.671759 0.0221354 0.575 0.511028 0.395534 0.528417 0.392523 0.530598 0.964065 0.514446 0.964643
0 0.0238281 0.577546 0.0273438 0.665278 0.00945787 0.232527 0.0249966 0.228941 0.0384577 0.921115 0.0227647 0.924101
0 0.289974 0.6 0.0236979 0.665741 0.278316 0.254848 0.298089 0.254436 0.298368 0.943013 0.278657 0.943677
0 0.542708 0.674306 0.0166667 0.577315 0.536382 0.392111 0.548708 0.389063 0.549186 0.966703 0.537315 0.967694
0 0.453385 0.6375 0.0192708 0.633333 0.442196 0.33293 0.455512 0.328099 0.464642 0.956956 0.450651 0.95922
0 0.78737 0.693519 0.0236979 0.549074 0.778917 0.422454 0.795241 0.418838 0.793863 0.971715 0.777635 0.971507
0 0.571224 0.679398 0.0184896 0.579167 0.564652 0.393747 0.577416 0.390933 0.57818 0.970212 0.565946 0.970951
0 0.599219 0.686574 0.0166667 0.57037 0.591856 0.404459 0.60384 0.401404 0.606991 0.975519 0.595201 0.976809
