0 0.129167 0.621528 0.0276042 0.663426 0.113638 0.285984 0.135591 0.282087 0.142992 0.951449 0.121564 0.95387
0 0.151172 0.621991 0.0268229 0.6625 0.136103 0.295495 0.159569 0.292428 0.164188 0.951505 0.140397 0.95429
0 0.292708 0.644444 0.0234375 0.648148 0.282476 0.325068 0.30095 0.319439 0.302173 0.968249 0.283801 0.969888
0 0.567448 0.665972 0.0364583 0.58287 0.545915 0.383842 0.574796 0.380292 0.585513 0.956528 0.557378 0.959811
0 0.19349 0.629398 0.0276042 0.649537 0.178936 0.308171 0.202531 0.305018 0.207536 0.954868 0.184466 0.957974
0 0.172656 0.625 0.0192708 0.656481 0.16176 0.299445 0.178767 0.296183 0.182883 0.954167 0.166087 0.955924
0 0.482943 0.637037 0.0278646 0.647222 0.465306 0.319509 0.483441 0.315982 0.49783 0.962863 0.480292 0.96433
0 0.254688 0.641898 0.0203125 0.646759 0.244933 0.322919 0.260904 0.317553 0.262872 0.966687 0.246819 0.968216
0 0.448047 0.637963 0.0210938 0.648148 0.437994 0.318045 0.453574 0.314824 0.45894 0.965015 0.444002 0.966591
0 0.347135 0.643287 0.01875 0.650463 0.336428 0.325018 0.352677 0.320504 0.356592 0.968491 0.341267 0.969714
0 0.397005 0.640046 0.0242188 0.651389 0.384096 0.319903 0.405165 0.316639 0.408676 0.968523 0.388411 0.968923
0 0.377214 0.640509 0.0184896 0.649537 0.367129 0.320962 0.382274 0.315617 0.386264 0.96755 0.370942 0.969261
0 0.272786 0.643287 0.0216146 0.649537 0.263529 0.32352 0.281071 0.321124 0.281788 0.969984 0.264697 0.969513
0 0.328776 0.642824 0.0200521 0.647685 0.319032 0.324434 0.334239 0.320107 0.338592 0.968826 0.323118 0.970952
0 0.610547 0.676852 0.0273438 0.555556 0.596158 0.401771 0.611168 0.399302 0.624623 0.960405 0.610332 0.961611
0 0.593359 0.677315 0.0278646 0.555556 0.578489 0.409049 0.594224 0.40398 0.607433 0.954954 0.592309 0.957894
0 0.311068 0.645139 0.0200521 0.649537 0.302334 0.3261 0.317801 0.323442 0.319439 0.971466 0.304245 0.970226
0 0.465234 0.637037 0.0226563 0.646296 0.452727 0.32303 0.46517 0.317639 0.476684 0.960472 0.463384 0.961821
0 0.503646 0.638889 0.025 0.638889 0.489635 0.326756 0.506126 0.32174 0.516935 0.961063 0.500197 0.9635
0 0.069401 0.599769 0.0325521 0.666204 0.0515573 0.233481 0.0692696 0.227301 0.0862783 0.957722 0.0688563 0.960642
0 0.539844 0.661806 0.021875 0.597685 0.525983 0.371538 0.5418 0.367212 0.551639 0.95606 0.535601 0.959979
0 0.521484 0.653935 0.0221354 0.611574 0.508567 0.344934 0.523418 0.342395 0.533553 0.961181 0.520094 0.962914
0 0.2375 0.640972 0.0208333 0.645833 0.226426 0.323837 0.242477 0.322106 0.244397 0.962804 0.227935 0.964569
0 0.221354 0.636343 0.0208333 0.647685 0.211335 0.313859 0.228103 0.310267 0.23194 0.963933 0.215615 0.965196
0 0.105729 0.600231 0.0255208 0.665278 0.0900561 0.259117 0.106295 0.25532 0.119978 0.952816 0.104343 0.955525
0 0.362109 0.641898 0.0174479 0.648611 0.35427 0.323179 0.367404 0.319442 0.371299 0.970929 0.358078 0.971107
0 0.432422 0.637963 0.0210938 0.649074 0.424574 0.314812 0.438667 0.311418 0.441043 0.966479 0.42679 0.966823
0 0.0492188 0.599769 0.0338542 0.666204 0.0319942 0.232745 0.050533 0.230168 0.0665558 0.955072 0.0477802 0.957613
0 0.0880208 0.599769 0.0270833 0.666204 0.0719778 0.235697 0.0876936 0.23402 0.102699 0.953013 0.0862797 0.955491
