0 0.519401 0.635185 0.0257813 0.639815 0.505562 0.320798 0.524451 0.315606 0.533006 0.954993 0.514378 0.957491
0 0.541797 0.634954 0.0247396 0.640278 0.527377 0.322121 0.54519 0.317399 0.55401 0.954996 0.535927 0.957253
0 0.266146 0.621528 0.0333333 0.665278 0.248494 0.258546 0.28051 0.252986 0.283208 0.960595 0.252312 0.963743
0 0.181901 0.621296 0.0283854 0.664815 0.166759 0.258699 0.191454 0.257216 0.196283 0.958177 0.171654 0.959038
0 0.234505 0.621296 0.0257813 0.664815 0.22061 0.259579 0.242941 0.256701 0.246941 0.960564 0.224865 0.963049
0 0.358203 0.628472 0.0231771 0.651389 0.347612 0.303096 0.366084 0.299858 0.368368 0.961522 0.350331 0.964038
0 0.154036 0.6 0.0289063 0.666667 0.136723 0.24585 0.165081 0.242649 0.16945 0.952948 0.142662 0.954955
0 0.497005 0.637037 0.0252604 0.636111 0.483315 0.326039 0.500432 0.32231 0.509988 0.95892 0.492846 0.960115
0 0.210156 0.621528 0.0239583 0.665278 0.198816 0.262041 0.217841 0.259136 0.222833 0.95853 0.203624 0.960139
0 0.379688 0.628009 0.0234375 0.652315 0.369847 0.304141 0.387434 0.300202 0.388143 0.95903 0.370858 0.961297
0 0.477083 0.637731 0.0223958 0.634722 0.465712 0.328667 0.480742 0.324249 0.487506 0.956048 0.471933 0.957662
0 0.108854 0.599769 0.0203125 0.666204 0.0981881 0.229226 0.117659 0.226359 0.11868 0.954369 0.100189 0.95662
0 0.296224 0.621991 0.0190104 0.663426 0.285628 0.28187 0.303196 0.280363 0.305082 0.960399 0.28793 0.961546
0 0.315104 0.627778 0.0197917 0.652778 0.306087 0.30865 0.320671 0.304527 0.323663 0.959594 0.308754 0.961837
0 0.129297 0.599769 0.0200521 0.666204 0.120362 0.239509 0.136702 0.23547 0.13708 0.952026 0.121144 0.952586
0 0.336068 0.62963 0.0236979 0.65 0.323926 0.305957 0.343194 0.30465 0.346456 0.962326 0.327958 0.963905
0 0.425651 0.62963 0.0273438 0.648148 0.412093 0.307538 0.435719 0.305292 0.436921 0.960202 0.414187 0.961884
0 0.40026 0.628935 0.021875 0.649537 0.39025 0.309829 0.407805 0.306264 0.409182 0.955994 0.391509 0.95908
0 0.455599 0.63588 0.0236979 0.64213 0.446285 0.321365 0.464267 0.318102 0.463366 0.95776 0.445553 0.95793
0 0.563281 0.636111 0.0229167 0.636111 0.550485 0.320313 0.567467 0.316841 0.575082 0.96131 0.558084 0.961238
0 0.040625 0.599769 0.0223958 0.666204 0.0287071 0.234004 0.0464297 0.229874 0.0510663 0.952417 0.0335869 0.953515
0 0.0872396 0.599769 0.0229167 0.666204 0.0744829 0.226906 0.0959112 0.225057 0.0991648 0.95263 0.077717 0.954379
0 0.063151 0.599769 0.0236979 0.666204 0.0497775 0.227349 0.069887 0.225003 0.0741856 0.957449 0.0543945 0.958716
0 0.0184896 0.599769 0.025 0.666204 0.00780581 0.227031 0.0274028 0.226345 0.028089 0.952168 0.00970772 0.956294
