0 0.357813 0.681481 0.0244792 0.528704 0.346176 0.423343 0.365753 0.420796 0.368233 0.948545 0.349994 0.948528
0 0.480078 0.690278 0.0252604 0.507407 0.470591 0.442912 0.489924 0.441336 0.489359 0.944473 0.470353 0.945648
0 0.378125 0.680787 0.01875 0.531018 0.368216 0.422175 0.385237 0.417545 0.387541 0.949436 0.371707 0.949395
0 0.657292 0.698611 0.0208333 0.477778 0.64659 0.466118 0.6636 0.464333 0.665323 0.9386 0.649569 0.939557
0 0.194792 0.675694 0.0223958 0.555093 0.185537 0.400556 0.20257 0.397197 0.20379 0.952293 0.187364 0.953562
0 0.595313 0.695139 0.0197917 0.483796 0.58569 0.462308 0.601628 0.461687 0.602868 0.933963 0.588169 0.93509
0 0.320703 0.668981 0.0289063 0.555556 0.306824 0.39198 0.330416 0.388985 0.331925 0.947465 0.30863 0.948017
0 0.453125 0.690509 0.0307292 0.509722 0.436514 0.44137 0.466609 0.439487 0.467905 0.943578 0.439511 0.946178
0 0.424349 0.687268 0.0273438 0.518981 0.410976 0.437856 0.434933 0.436569 0.437325 0.944199 0.414508 0.946346
0 0.508203 0.691435 0.0315104 0.502315 0.493903 0.442546 0.519898 0.439008 0.519683 0.946958 0.494093 0.947819
0 0.553906 0.698148 0.0229167 0.482407 0.543517 0.464132 0.56232 0.462762 0.562635 0.939242 0.544047 0.940077
0 0.615234 0.695833 0.0195313 0.481481 0.606826 0.460981 0.622891 0.459296 0.623552 0.939158 0.607125 0.939222
0 0.171094 0.677778 0.0276042 0.55463 0.158466 0.401265 0.180487 0.399381 0.182386 0.956625 0.161077 0.958035
0 0.0542969 0.671991 0.0294271 0.541204 0.0419891 0.408881 0.0593704 0.406208 0.0686409 0.942566 0.0516673 0.94478
0 0.216536 0.674769 0.0273438 0.556944 0.202321 0.39736 0.225855 0.394659 0.228255 0.948931 0.205197 0.951293
0 0.270313 0.672454 0.0302083 0.553241 0.254065 0.393688 0.279086 0.39017 0.284747 0.946573 0.260381 0.948452
0 0.296354 0.667593 0.0296875 0.561111 0.28205 0.388079 0.305465 0.384517 0.310282 0.947205 0.287319 0.949518
0 0.533724 0.695602 0.0179688 0.491204 0.524677 0.459987 0.539689 0.459534 0.541387 0.940714 0.5264 0.941735
0 0.0768229 0.675694 0.0302083 0.547685 0.0620916 0.404728 0.0836957 0.40119 0.0904963 0.949061 0.068816 0.952126
0 0.124479 0.678472 0.03125 0.559722 0.109881 0.398143 0.132413 0.395402 0.138365 0.95629 0.11587 0.959164
0 0.399219 0.68125 0.0229167 0.531944 0.386953 0.417223 0.407797 0.415745 0.410148 0.949563 0.390588 0.950781
0 0.100391 0.678472 0.0315104 0.556019 0.0868513 0.401342 0.108707 0.39836 0.113852 0.955286 0.0919904 0.957481
0 0.635677 0.696991 0.0208333 0.480093 0.625637 0.460371 0.643413 0.459479 0.645275 0.94067 0.627972 0.940926
0 0.147786 0.678935 0.0236979 0.556944 0.136583 0.39584 0.154694 0.394604 0.15792 0.959618 0.140328 0.960553
0 0.341016 0.675463 0.0153646 0.536111 0.33378 0.411678 0.347576 0.40934 0.348132 0.94583 0.334732 0.9461
