0 0.151563 0.620602 0.0421875 0.6625 0.12558 0.285591 0.157627 0.281433 0.175981 0.947945 0.146128 0.952371
0 0.254948 0.620139 0.0208333 0.661574 0.242715 0.282979 0.258078 0.277531 0.2666 0.951785 0.250898 0.955323
0 0.218229 0.621759 0.0234375 0.662963 0.204262 0.288761 0.218489 0.283489 0.231413 0.958054 0.216936 0.961369
0 0.305339 0.617824 0.0257813 0.656944 0.292152 0.278599 0.313821 0.275044 0.317935 0.945761 0.296336 0.947906
0 0.638281 0.628241 0.0260417 0.646296 0.624549 0.303084 0.647844 0.300437 0.650463 0.95408 0.627787 0.955862
0 0.278385 0.61875 0.0276042 0.658796 0.26217 0.279689 0.286565 0.275452 0.292091 0.945043 0.268621 0.948288
0 0.529427 0.624306 0.0338542 0.661574 0.511226 0.300957 0.543594 0.297871 0.546026 0.965697 0.514805 0.968406
0 0.376953 0.61713 0.0231771 0.655556 0.36467 0.281166 0.385189 0.278621 0.387772 0.94426 0.3671 0.946507
0 0.498828 0.624306 0.0268229 0.660648 0.485432 0.295625 0.508025 0.293266 0.511032 0.965927 0.488717 0.967657
0 0.199219 0.621528 0.0291667 0.663426 0.182568 0.284109 0.199955 0.282166 0.21357 0.958675 0.196181 0.960584
0 0.559245 0.623148 0.0190104 0.662037 0.549126 0.294446 0.567469 0.29214 0.568204 0.963023 0.549983 0.965384
0 0.434375 0.617361 0.01875 0.656018 0.424302 0.275458 0.44101 0.274072 0.442788 0.949072 0.426936 0.950733
0 0.613021 0.625926 0.01875 0.65 0.602878 0.301589 0.618503 0.297529 0.621708 0.950867 0.605576 0.95355
0 0.179297 0.620833 0.0263021 0.662963 0.164063 0.281975 0.179779 0.278046 0.193552 0.954461 0.177108 0.957039
0 0.683464 0.66088 0.0179688 0.581944 0.673374 0.377807 0.688537 0.373417 0.69089 0.950244 0.67695 0.951431
0 0.342969 0.616435 0.0177083 0.653241 0.334666 0.280663 0.348283 0.278822 0.350692 0.948036 0.33684 0.949694
0 0.236068 0.621528 0.0231771 0.663426 0.222804 0.286157 0.23725 0.284381 0.248513 0.959398 0.234007 0.960829
0 0.397135 0.616204 0.0177083 0.653704 0.386159 0.279485 0.403192 0.276315 0.405567 0.947553 0.389067 0.949451
0 0.825521 0.66875 0.0364583 0.571759 0.811915 0.390206 0.841601 0.387323 0.837659 0.953917 0.809476 0.955924
0 0.47474 0.622685 0.0203125 0.662037 0.464502 0.293673 0.480864 0.290573 0.483972 0.960085 0.46748 0.962065
0 0.415625 0.616667 0.0197917 0.655556 0.406682 0.273307 0.422936 0.270246 0.424129 0.947415 0.407765 0.948406
0 0.455078 0.619907 0.0210938 0.661111 0.448245 0.280481 0.462228 0.27678 0.462406 0.954792 0.448562 0.955599
0 0.579427 0.624074 0.0192708 0.658333 0.572925 0.299387 0.588058 0.296004 0.586058 0.958547 0.570785 0.960062
0 0.596615 0.625231 0.0166667 0.655093 0.588687 0.298703 0.602279 0.295824 0.602397 0.956297 0.58897 0.95798
0 0.326432 0.61713 0.0174479 0.655556 0.317788 0.277588 0.330848 0.275948 0.334078 0.947265 0.319741 0.948711
0 0.852604 0.667824 0.0244792 0.572685 0.843425 0.389636 0.862795 0.387263 0.859264 0.953584 0.839904 0.954809
0 0.066276 0.577546 0.0257813 0.666204 0.0513532 0.216493 0.07055 0.213299 0.0799205 0.94936 0.0608342 0.952136
0 0.767448 0.667361 0.0348958 0.570833 0.7538 0.385631 0.783399 0.38226 0.778865 0.954848 0.750694 0.955662
0 0.664453 0.659259 0.0195313 0.585185 0.656007 0.37118 0.670805 0.369511 0.67173 0.951741 0.657015 0.953183
