0 0.717578 0.648843 0.0252604 0.644907 0.710812 0.329653 0.729409 0.326024 0.722081 0.971919 0.703849 0.9727
0 0.832682 0.663657 0.0226563 0.599537 0.824196 0.367942 0.842461 0.365624 0.839758 0.965347 0.822398 0.967653
0 0.741276 0.652778 0.0242188 0.637963 0.729234 0.32807 0.749489 0.323888 0.749742 0.967381 0.729497 0.969924
0 0.289844 0.6 0.0333333 0.666667 0.270863 0.221135 0.299498 0.216592 0.307796 0.969902 0.279429 0.973406
0 0.346484 0.6 0.0325521 0.666667 0.329025 0.222779 0.353827 0.219404 0.360634 0.965716 0.33588 0.968881
0 0.858203 0.658333 0.0252604 0.606481 0.847549 0.350124 0.869478 0.347458 0.867895 0.963346 0.847121 0.965132
0 0.697787 0.653704 0.0200521 0.639815 0.691897 0.332817 0.707647 0.333073 0.701513 0.976224 0.687043 0.975318
0 0.170443 0.6 0.0257813 0.666667 0.156145 0.231656 0.175264 0.227497 0.183512 0.965831 0.164525 0.968107
0 0.072526 0.6 0.0315104 0.666667 0.0546944 0.198754 0.0787176 0.195759 0.0862701 0.961065 0.0623534 0.96327
0 0.19362 0.6 0.0242188 0.666667 0.180397 0.223403 0.198955 0.218105 0.205467 0.967982 0.187137 0.970584
0 0.679688 0.647685 0.025 0.65 0.67232 0.325945 0.690677 0.323657 0.684441 0.974476 0.666849 0.974483
0 0.100391 0.599769 0.0294271 0.666204 0.0847089 0.218461 0.10792 0.215859 0.114087 0.961974 0.0909765 0.964004
0 0.422526 0.6 0.0320313 0.666667 0.405492 0.223274 0.430688 0.219868 0.437023 0.975751 0.412015 0.97823
0 0.146615 0.6 0.0286458 0.666667 0.131134 0.228126 0.151514 0.225871 0.159815 0.967132 0.139273 0.968663
0 0.634635 0.622222 0.0192708 0.665741 0.626803 0.272319 0.643871 0.272234 0.638926 0.97674 0.623055 0.977911
0 0.763412 0.649306 0.0216146 0.636574 0.753224 0.332723 0.77257 0.3298 0.77327 0.971355 0.754363 0.971468
0 0.469401 0.599769 0.0252604 0.666204 0.457901 0.246964 0.479649 0.244231 0.479589 0.982614 0.458966 0.984862
0 0.543099 0.6 0.0257813 0.666667 0.533832 0.231967 0.554926 0.229594 0.551644 0.978745 0.53132 0.97985
0 0.240234 0.6 0.0289063 0.666667 0.223061 0.232353 0.245693 0.22779 0.256184 0.967701 0.23378 0.970214
0 0.49401 0.599769 0.0255208 0.666204 0.484489 0.245479 0.506191 0.24275 0.502936 0.982909 0.482265 0.984745
0 0.263672 0.6 0.0257813 0.666667 0.248749 0.227102 0.268873 0.222898 0.27804 0.9674 0.257598 0.969898
0 0.584375 0.6 0.01875 0.665741 0.575173 0.24936 0.592731 0.247185 0.592158 0.976026 0.575426 0.976726
0 0.216016 0.6 0.0283854 0.666667 0.199369 0.227219 0.221899 0.223456 0.231255 0.969171 0.209402 0.971219
0 0.51875 0.6 0.0260417 0.666667 0.509805 0.2365 0.530751 0.23434 0.52701 0.981238 0.506785 0.982668
0 0.88099 0.665972 0.0177083 0.584722 0.873816 0.384577 0.887726 0.384081 0.887907 0.961593 0.874059 0.963146
0 0.125 0.6 0.0244792 0.666667 0.112322 0.226524 0.130934 0.223774 0.13667 0.964352 0.118194 0.965411
0 0.813151 0.666435 0.0169271 0.595833 0.805199 0.376034 0.819613 0.3737 0.818965 0.964712 0.80426 0.965498
0 0.319271 0.6 0.0296875 0.666667 0.304401 0.220906 0.32524 0.219503 0.333654 0.968567 0.312338 0.969381
0 0.789453 0.658333 0.0221354 0.614815 0.777727 0.354899 0.797522 0.352464 0.798622 0.966132 0.779116 0.967791
0 0.616927 0.621991 0.0213542 0.666204 0.610087 0.263345 0.626901 0.261949 0.623047 0.978517 0.606582 0.979305
0 0.370833 0.599769 0.0244792 0.666204 0.359455 0.21931 0.377677 0.21493 0.381741 0.965404 0.363885 0.967951
