0 0.545182 0.716204 0.0299479 0.472222 0.530528 0.488201 0.551434 0.485089 0.55775 0.956957 0.53774 0.958203
0 0.44388 0.706481 0.0263021 0.474074 0.430717 0.480838 0.44982 0.47877 0.455888 0.94108 0.438297 0.943006
0 0.605729 0.711574 0.0260417 0.47963 0.59255 0.481082 0.611718 0.477728 0.617421 0.950149 0.599199 0.952392
0 0.106901 0.686806 0.0335938 0.496759 0.089919 0.455503 0.108438 0.451849 0.122473 0.933946 0.104298 0.935574
0 0.644661 0.716667 0.0263021 0.466667 0.631487 0.490056 0.650455 0.489876 0.657839 0.949701 0.640174 0.951371
0 0.129427 0.678472 0.0359375 0.514352 0.114169 0.432022 0.135118 0.427978 0.146365 0.935959 0.1268 0.93795
0 0.320313 0.711574 0.0286458 0.466667 0.306825 0.488856 0.324018 0.486849 0.332901 0.947264 0.316952 0.949157
0 0.567318 0.714815 0.0247396 0.475926 0.554569 0.487726 0.572002 0.484006 0.578485 0.953192 0.561862 0.955247
0 0.0760417 0.677083 0.0473958 0.531944 0.0517245 0.418475 0.0886753 0.415057 0.0992738 0.937169 0.0643764 0.939744
0 0.521354 0.715046 0.0302083 0.476389 0.507667 0.487819 0.527956 0.484228 0.533723 0.954252 0.514717 0.956442
0 0.666406 0.728472 0.0307292 0.443056 0.648977 0.520854 0.672944 0.518992 0.68209 0.950076 0.660063 0.951414
0 0.584375 0.712731 0.0223958 0.476389 0.572802 0.479898 0.589296 0.477519 0.596348 0.955266 0.580366 0.955876
0 0.381641 0.712963 0.0268229 0.465741 0.369381 0.489969 0.387791 0.486769 0.394001 0.944041 0.377259 0.946676
0 0.197786 0.70463 0.0309896 0.477778 0.181816 0.466517 0.206337 0.46551 0.213117 0.942775 0.189909 0.944871
0 0.466406 0.708333 0.0276042 0.474074 0.455058 0.483852 0.472939 0.481926 0.477305 0.943791 0.46 0.945572
0 0.403646 0.708796 0.0270833 0.469444 0.389748 0.478106 0.408864 0.476294 0.416159 0.944483 0.396948 0.946235
0 0.423047 0.706944 0.0221354 0.47037 0.410745 0.478297 0.427002 0.476342 0.435004 0.944427 0.418567 0.945269
0 0.254557 0.699768 0.0242188 0.484722 0.242664 0.466624 0.25846 0.463268 0.263539 0.941066 0.248787 0.942233
0 0.152604 0.684954 0.0291667 0.506944 0.138168 0.436565 0.155228 0.434133 0.164884 0.936957 0.147767 0.939335
0 0.489583 0.711574 0.0286458 0.474074 0.472972 0.475706 0.496384 0.474453 0.503725 0.952067 0.481711 0.953618
0 0.686979 0.74213 0.0197917 0.408333 0.675088 0.541924 0.690497 0.539885 0.698435 0.951933 0.68456 0.952294
