0 0.290234 0.713657 0.0242188 0.463426 0.280569 0.489078 0.298959 0.484626 0.298752 0.941133 0.281111 0.942728
0 0.403646 0.690278 0.01875 0.524074 0.39505 0.436537 0.410333 0.431967 0.412541 0.953443 0.398238 0.954573
0 0.757682 0.701852 0.0419271 0.536111 0.747339 0.433875 0.776375 0.433768 0.767278 0.973467 0.739261 0.974364
0 0.379948 0.689352 0.0260417 0.525 0.367425 0.43525 0.387226 0.432488 0.390769 0.953827 0.372223 0.955547
0 0.663542 0.700463 0.0328125 0.539815 0.654541 0.431416 0.679798 0.432148 0.669204 0.971337 0.644406 0.97179
0 0.695703 0.698843 0.0414063 0.534722 0.686542 0.435131 0.716968 0.434109 0.702439 0.972573 0.672627 0.972172
0 0.551563 0.696759 0.0234375 0.537963 0.541763 0.433148 0.561086 0.430868 0.556788 0.966917 0.538583 0.967833
0 0.311328 0.705787 0.0200521 0.480093 0.300825 0.470115 0.319062 0.467407 0.321161 0.949223 0.302845 0.949443
0 0.729688 0.702778 0.0380208 0.528704 0.719302 0.439992 0.745138 0.437901 0.738059 0.973072 0.71243 0.974799
0 0.425911 0.688889 0.0257813 0.526852 0.41193 0.434116 0.434881 0.432809 0.437341 0.95254 0.41584 0.955394
0 0.641797 0.703009 0.0257813 0.527315 0.637682 0.44335 0.653401 0.441204 0.641172 0.966294 0.626151 0.965862
