0 0.186849 0.624074 0.0341146 0.655556 0.168479 0.296167 0.195339 0.292437 0.202073 0.95416 0.175926 0.957304
0 0.217318 0.625694 0.0289063 0.655093 0.201758 0.302528 0.226496 0.299423 0.231347 0.953494 0.206791 0.956079
0 0.759766 0.665509 0.0330729 0.575463 0.740125 0.380281 0.763122 0.374557 0.777545 0.955157 0.754547 0.957813
0 0.367448 0.625926 0.0270833 0.656481 0.352332 0.301778 0.367016 0.297258 0.381452 0.961459 0.366702 0.965048
0 0.136719 0.621759 0.0276042 0.657407 0.121668 0.295868 0.139871 0.292157 0.151485 0.951641 0.133863 0.954419
0 0.44362 0.638426 0.0247396 0.653704 0.428881 0.309461 0.444336 0.304421 0.458168 0.969976 0.44274 0.972085
0 0.0835938 0.617361 0.0265625 0.656944 0.0669162 0.257527 0.0854735 0.25414 0.0974997 0.948509 0.0805243 0.950346
0 0.159635 0.62662 0.0260417 0.648611 0.145279 0.303381 0.163112 0.30082 0.173172 0.956771 0.155545 0.958787
0 0.243099 0.627315 0.0236979 0.653704 0.232813 0.304188 0.249248 0.299845 0.253626 0.95927 0.236869 0.961426
0 0.735677 0.664815 0.0328125 0.577778 0.716836 0.378897 0.737834 0.374042 0.753512 0.956928 0.732658 0.959372
0 0.117188 0.619444 0.0223958 0.660185 0.102966 0.270146 0.117556 0.267575 0.128653 0.951285 0.115126 0.952947
0 0.460547 0.639815 0.0242188 0.656481 0.447428 0.310938 0.46337 0.307575 0.474637 0.970367 0.459258 0.972185
0 0.688802 0.662963 0.0333333 0.587963 0.669687 0.374611 0.688155 0.36822 0.706631 0.954739 0.688215 0.95931
0 0.319792 0.638889 0.0255208 0.65463 0.306097 0.303552 0.323969 0.298561 0.334176 0.968987 0.316704 0.970675
0 0.0653646 0.599769 0.0234375 0.666204 0.0514092 0.256397 0.0669759 0.25172 0.0785056 0.947028 0.0630027 0.949084
0 0.408464 0.637037 0.0252604 0.650926 0.394089 0.307561 0.409148 0.302674 0.422957 0.965376 0.408493 0.967613
0 0.712891 0.664352 0.0346354 0.581481 0.69454 0.378588 0.713951 0.372763 0.730944 0.953489 0.711731 0.957706
0 0.61901 0.6375 0.0260417 0.647222 0.603899 0.318058 0.618452 0.313436 0.633523 0.96436 0.619258 0.966707
0 0.26237 0.627083 0.0221354 0.654167 0.250942 0.299071 0.267078 0.29742 0.272585 0.962602 0.256938 0.963376
0 0.0486979 0.599537 0.021875 0.665741 0.0359581 0.241364 0.051328 0.239491 0.0607159 0.947534 0.0463384 0.947641
0 0.296745 0.629167 0.0231771 0.650926 0.284844 0.304454 0.300645 0.301257 0.309222 0.968522 0.293429 0.970615
0 0.550911 0.639815 0.0325521 0.653704 0.53285 0.317682 0.547983 0.313299 0.568721 0.963471 0.553033 0.966642
0 0.391536 0.628241 0.0242188 0.651852 0.377786 0.304907 0.391664 0.301072 0.403855 0.962388 0.389875 0.965377
0 0.42487 0.638426 0.0236979 0.653704 0.40965 0.308851 0.423628 0.305372 0.438886 0.966573 0.423863 0.9691
0 0.28125 0.638194 0.0192708 0.653241 0.269548 0.303815 0.283558 0.298602 0.292364 0.967797 0.278267 0.968905
0 0.336198 0.63912 0.0229167 0.655093 0.32432 0.303959 0.338048 0.299639 0.349358 0.969301 0.335963 0.970798
0 0.35 0.624306 0.0239583 0.658796 0.336471 0.299156 0.349382 0.295621 0.363878 0.961991 0.349313 0.965642
0 0.788802 0.66875 0.03125 0.568056 0.772015 0.391539 0.793437 0.388198 0.803244 0.948662 0.782624 0.952217
0 0.667318 0.661111 0.0341146 0.596296 0.649652 0.366738 0.665829 0.363101 0.685763 0.961708 0.671053 0.966164
