0 0.333203 0.659491 0.0283854 0.649537 0.319496 0.329234 0.342812 0.326904 0.34489 0.985167 0.321977 0.987812
0 0.265234 0.682407 0.0315104 0.623148 0.247487 0.375472 0.271884 0.370826 0.281779 0.989786 0.257694 0.993264
0 0.239323 0.686574 0.0328125 0.616667 0.221796 0.382964 0.245278 0.378177 0.256353 0.9902 0.233435 0.993897
0 0.35638 0.65625 0.0216146 0.644907 0.347707 0.322827 0.363722 0.318705 0.363969 0.980558 0.347523 0.982481
0 0.396224 0.646528 0.0263021 0.655093 0.385337 0.323186 0.406631 0.319796 0.406319 0.97658 0.385276 0.977897
0 0.184505 0.709028 0.0513021 0.581944 0.15963 0.418491 0.197451 0.413682 0.208515 0.99606 0.173318 1
0 0.289323 0.677315 0.0270833 0.628704 0.274286 0.368498 0.293332 0.364127 0.301879 0.989633 0.282236 0.991851
0 0.616146 0.640741 0.028125 0.658333 0.604952 0.313154 0.627385 0.309684 0.623984 0.970035 0.601615 0.971723
0 0.470182 0.643056 0.0263021 0.652778 0.461371 0.322594 0.479632 0.320001 0.476602 0.971962 0.458708 0.972524
0 0.539844 0.638194 0.0338542 0.653241 0.525982 0.304762 0.554872 0.301964 0.551445 0.9689 0.523402 0.969441
0 0.590234 0.640046 0.0341146 0.656018 0.583515 0.30707 0.603368 0.305346 0.597862 0.969858 0.5783 0.970139
0 0.490495 0.639352 0.0263021 0.653704 0.483596 0.310667 0.501426 0.308156 0.493801 0.967256 0.476691 0.967768
0 0.679167 0.637731 0.0244792 0.651389 0.673219 0.306351 0.68897 0.304511 0.682279 0.96452 0.666415 0.965029
0 0.308984 0.669213 0.0247396 0.635648 0.299296 0.348622 0.315728 0.34572 0.320677 0.985623 0.303972 0.988963
0 0.214714 0.686806 0.0304688 0.618056 0.196834 0.383605 0.218902 0.378923 0.229684 0.992599 0.208382 0.996142
0 0.569792 0.628009 0.0322917 0.654167 0.560365 0.300482 0.58171 0.300102 0.576707 0.97185 0.555319 0.971301
0 0.513411 0.637731 0.0273438 0.652315 0.50304 0.307537 0.524219 0.304791 0.519748 0.961566 0.498847 0.963171
0 0.660547 0.639352 0.0278646 0.655556 0.653496 0.306101 0.673038 0.305646 0.667118 0.971993 0.647593 0.97135
0 0.638151 0.640509 0.0299479 0.65787 0.627312 0.305098 0.649073 0.302675 0.645635 0.968981 0.623523 0.970793
0 0.715755 0.621759 0.0377604 0.661111 0.711026 0.282592 0.73246 0.280401 0.720192 0.953876 0.699321 0.955959
0 0.696484 0.630093 0.0273438 0.648148 0.692361 0.303015 0.708159 0.303651 0.700335 0.966333 0.684846 0.965755
0 0.448958 0.643287 0.021875 0.650463 0.43836 0.323546 0.45515 0.321383 0.455493 0.969743 0.43891 0.971215
0 0.418229 0.640972 0.0197917 0.656018 0.412008 0.310533 0.426524 0.307937 0.424474 0.974252 0.40947 0.975674
0 0.373828 0.649769 0.0205729 0.648611 0.365307 0.328004 0.381421 0.324697 0.381324 0.975047 0.365384 0.976978
