0 0.719271 0.651852 0.0260417 0.632407 0.708241 0.340878 0.729336 0.337881 0.729781 0.972466 0.709734 0.973801
0 0.790885 0.667361 0.0322917 0.599537 0.771592 0.376148 0.800846 0.372604 0.807474 0.965561 0.779728 0.968536
0 0.542708 0.647685 0.0260417 0.647222 0.534649 0.327114 0.554277 0.322886 0.549537 0.972494 0.530046 0.973211
0 0.319792 0.653704 0.0244792 0.639815 0.31047 0.329422 0.32848 0.325862 0.327719 0.973996 0.3103 0.974914
0 0.590625 0.643056 0.0390625 0.653704 0.570655 0.326821 0.606997 0.323529 0.608333 0.965643 0.573844 0.968604
0 0.62513 0.64375 0.0304688 0.650463 0.610068 0.327257 0.636033 0.32331 0.638375 0.966847 0.613363 0.96918
0 0.354167 0.649769 0.021875 0.643056 0.348029 0.332514 0.362332 0.330271 0.357633 0.972273 0.343203 0.973017
0 0.228385 0.651852 0.0239583 0.636111 0.216719 0.334293 0.236306 0.331805 0.236834 0.969102 0.217547 0.971164
0 0.456901 0.64537 0.0236979 0.651852 0.450053 0.321565 0.467621 0.318533 0.461515 0.974441 0.44424 0.974879
0 0.698307 0.651852 0.0179688 0.630556 0.690369 0.336303 0.704806 0.333974 0.705675 0.974494 0.69202 0.975345
0 0.521484 0.653704 0.0205729 0.639815 0.514609 0.328329 0.530629 0.327356 0.525507 0.976177 0.510035 0.97626
0 0.504167 0.648611 0.021875 0.648148 0.496487 0.328258 0.514019 0.325344 0.509374 0.974083 0.492325 0.974902
0 0.208333 0.647685 0.021875 0.635185 0.201518 0.32894 0.21702 0.326604 0.213129 0.970735 0.198371 0.970702
0 0.434766 0.653704 0.0289063 0.639815 0.423627 0.320594 0.446989 0.319398 0.443932 0.976012 0.421249 0.976965
0 0.743359 0.651389 0.0247396 0.634259 0.73219 0.333948 0.751638 0.330012 0.753076 0.970689 0.734444 0.972104
0 0.667448 0.640741 0.0203125 0.650926 0.660043 0.316039 0.67456 0.313621 0.674552 0.972236 0.659868 0.973761
0 0.300781 0.652546 0.0223958 0.6375 0.291167 0.328126 0.308143 0.326781 0.30669 0.970558 0.289545 0.972423
0 0.411849 0.653009 0.0236979 0.638426 0.401644 0.324901 0.420727 0.321808 0.418839 0.972262 0.399975 0.974088
0 0.116146 0.600231 0.0223958 0.666204 0.106415 0.253634 0.122285 0.250534 0.123155 0.962638 0.107466 0.964273
0 0.283333 0.648611 0.0208333 0.642593 0.275572 0.329887 0.290763 0.326336 0.290085 0.972061 0.275315 0.973451
0 0.247917 0.647917 0.0171875 0.640278 0.240559 0.331921 0.254877 0.329667 0.253125 0.974694 0.239391 0.974528
0 0.56276 0.644907 0.0182292 0.648148 0.555002 0.327187 0.569617 0.323314 0.569331 0.965457 0.553869 0.967819
0 0.39362 0.653241 0.0200521 0.637963 0.385378 0.329706 0.400325 0.326544 0.399568 0.972358 0.385282 0.974271
0 0.472917 0.645833 0.021875 0.65463 0.467097 0.324552 0.481993 0.322119 0.478553 0.976777 0.463358 0.975566
0 0.133594 0.6 0.0244792 0.666667 0.124773 0.249109 0.143408 0.247019 0.141075 0.966171 0.123095 0.966886
0 0.266406 0.648148 0.0203125 0.639815 0.261661 0.328121 0.27429 0.326303 0.271778 0.971925 0.258907 0.973102
0 0.336979 0.653704 0.0208333 0.639815 0.331629 0.328029 0.344852 0.326956 0.342929 0.976439 0.329576 0.974724
