0 0.407292 0.62662 0.025 0.656018 0.394135 0.302075 0.412839 0.297745 0.420068 0.961035 0.401697 0.964435
0 0.361589 0.624537 0.0320313 0.660185 0.345424 0.303177 0.369483 0.299094 0.378352 0.959997 0.355222 0.962945
0 0.430729 0.627778 0.0265625 0.65463 0.417657 0.305374 0.438181 0.301595 0.444648 0.962411 0.424676 0.965406
0 0.544531 0.641667 0.0229167 0.65 0.533019 0.322645 0.550434 0.318293 0.555405 0.967789 0.538414 0.97004
0 0.193359 0.599769 0.0263021 0.666204 0.179214 0.231342 0.198172 0.226458 0.206623 0.94273 0.18817 0.944926
0 0.453646 0.628241 0.0223958 0.652778 0.441556 0.307321 0.459074 0.303274 0.464837 0.96507 0.447027 0.968132
0 0.70651 0.646759 0.0234375 0.637963 0.692367 0.331467 0.708412 0.326787 0.71904 0.970604 0.703428 0.97301
0 0.385807 0.625 0.0231771 0.659259 0.372069 0.296382 0.390123 0.293702 0.397338 0.966653 0.379952 0.96837
0 0.280469 0.6 0.0197917 0.665741 0.270178 0.254701 0.286289 0.249988 0.290417 0.949634 0.274858 0.950872
0 0.0522135 0.577546 0.0315104 0.666204 0.0340017 0.218918 0.0591925 0.215071 0.0696345 0.922117 0.0452271 0.924919
0 0.588932 0.647454 0.0268229 0.648611 0.574656 0.330333 0.5971 0.325982 0.600777 0.966306 0.578977 0.968686
0 0.722917 0.64838 0.0223958 0.636574 0.711389 0.332771 0.726716 0.328455 0.736063 0.970746 0.721186 0.973196
0 0.476563 0.640278 0.0239583 0.653704 0.462158 0.319603 0.483373 0.316882 0.487574 0.965083 0.466769 0.966818
0 0.0789063 0.577546 0.0260417 0.666204 0.0629832 0.225349 0.0843399 0.221878 0.0922513 0.923307 0.0709267 0.925603
0 0.129688 0.577546 0.0265625 0.666204 0.115809 0.231619 0.135038 0.228055 0.143717 0.933262 0.124691 0.935405
0 0.258203 0.599769 0.0242188 0.666204 0.244545 0.243686 0.263671 0.241223 0.271338 0.947656 0.252797 0.949183
0 0.104427 0.577546 0.0265625 0.666204 0.0894172 0.226074 0.111437 0.222962 0.117907 0.926448 0.0961528 0.928549
0 0.502734 0.641898 0.0231771 0.648611 0.49276 0.326905 0.508601 0.323613 0.512065 0.967419 0.49612 0.968645
0 0.523568 0.643056 0.0242188 0.646296 0.510743 0.326213 0.528889 0.323395 0.533478 0.969698 0.515891 0.970578
0 0.689063 0.646296 0.0244792 0.642593 0.675981 0.331361 0.691144 0.327935 0.701065 0.968733 0.685566 0.970941
0 0.566016 0.643056 0.0200521 0.648148 0.558602 0.325886 0.573249 0.321716 0.572971 0.968487 0.558139 0.969137
0 0.0235677 0.555787 0.0346354 0.666204 0.00401707 0.21255 0.0300783 0.209007 0.0414626 0.924494 0.0175194 0.92781
0 0.214844 0.599769 0.0239583 0.666204 0.200599 0.22829 0.218807 0.221908 0.227728 0.943121 0.209396 0.94521
0 0.171484 0.599537 0.0263021 0.665741 0.156416 0.226999 0.173432 0.223348 0.185149 0.941974 0.167941 0.943161
0 0.301432 0.6 0.0247396 0.665741 0.289169 0.253936 0.308795 0.251067 0.311985 0.954655 0.292911 0.954892
0 0.236589 0.599769 0.0257813 0.666204 0.221224 0.212826 0.240772 0.208228 0.249531 0.951189 0.230313 0.952917
0 0.325521 0.624074 0.0234375 0.658333 0.312123 0.27995 0.329951 0.277214 0.336512 0.959883 0.319268 0.960505
0 0.151172 0.577546 0.0242188 0.666204 0.136883 0.228309 0.153732 0.223633 0.16495 0.939226 0.147534 0.941697
0 0.671354 0.653472 0.0192708 0.639352 0.661694 0.326903 0.673917 0.322715 0.681347 0.975516 0.669355 0.977587
