0 0.366667 0.617361 0.0213542 0.649537 0.358339 0.296399 0.374964 0.292143 0.373984 0.942633 0.357392 0.943736
0 0.585807 0.653009 0.0184896 0.58287 0.573723 0.370164 0.594031 0.365045 0.596662 0.942732 0.57767 0.944115
0 0.345573 0.615972 0.0197917 0.651389 0.336393 0.289898 0.352903 0.28835 0.352496 0.943318 0.3368 0.944404
0 0.56237 0.658565 0.0263021 0.573611 0.548956 0.372672 0.572709 0.370139 0.574228 0.945373 0.551318 0.946599
0 0.310156 0.615046 0.0208333 0.652315 0.298635 0.270217 0.317913 0.266767 0.320502 0.946987 0.301252 0.947942
0 0.288542 0.615741 0.0229167 0.653704 0.275378 0.276623 0.296402 0.272151 0.299536 0.942074 0.278484 0.944156
0 0.246615 0.601389 0.0192708 0.662963 0.236222 0.274973 0.253839 0.271882 0.255065 0.945428 0.238528 0.947406
0 0.207422 0.600926 0.0210938 0.662963 0.196835 0.273612 0.213714 0.27043 0.21616 0.937509 0.200207 0.939423
0 0.419792 0.618519 0.0166667 0.649074 0.411843 0.296442 0.424133 0.292925 0.4272 0.946141 0.414891 0.946834
0 0.404297 0.618287 0.0164063 0.647685 0.397028 0.29558 0.409717 0.292729 0.411736 0.94488 0.398344 0.94687
0 0.227604 0.614583 0.01875 0.651389 0.218262 0.277243 0.234217 0.274292 0.235624 0.941387 0.219432 0.942556
0 0.266016 0.615509 0.0200521 0.652315 0.25792 0.273451 0.273003 0.269614 0.273036 0.944275 0.257928 0.945076
0 0.479427 0.649769 0.021875 0.593056 0.469846 0.359581 0.487679 0.355086 0.487418 0.94502 0.470521 0.946737
0 0.134115 0.599074 0.0307292 0.664815 0.120607 0.220847 0.146854 0.220179 0.147043 0.936246 0.120877 0.937197
0 0.38724 0.61875 0.0177083 0.647685 0.378437 0.297981 0.393632 0.297042 0.394052 0.945332 0.3792 0.944385
0 0.164323 0.599306 0.0291667 0.665278 0.148007 0.238766 0.174366 0.233922 0.178082 0.932736 0.152935 0.934783
0 0.498568 0.648148 0.0174479 0.6 0.489069 0.351699 0.505745 0.349733 0.505925 0.94549 0.490424 0.946519
0 0.102604 0.599074 0.0302083 0.664815 0.0862033 0.22519 0.115343 0.222748 0.115271 0.933596 0.0875672 0.93615
0 0.540755 0.655556 0.0184896 0.578704 0.533915 0.374369 0.548141 0.369088 0.547639 0.945177 0.533619 0.947
0 0.436979 0.622454 0.0203125 0.645833 0.426074 0.301724 0.442131 0.298495 0.446719 0.946895 0.430921 0.948105
0 0.457292 0.647917 0.0213542 0.591204 0.447049 0.349387 0.463202 0.346339 0.467375 0.945143 0.451665 0.946973
0 0.521615 0.647917 0.0166667 0.595833 0.512753 0.349306 0.527361 0.347045 0.527787 0.944696 0.514122 0.946086
0 0.329036 0.614815 0.0148438 0.65 0.322372 0.282255 0.335811 0.280323 0.335849 0.944872 0.322045 0.945466
0 0.188281 0.599537 0.0177083 0.664815 0.179296 0.237661 0.193807 0.239035 0.19555 0.941533 0.180088 0.941966
